      z[m]      p[mb]      tp[K]    q[g/kg]     u[m/s]     v[m/s]
      0.00,         42,    1009.32
     75.00000000	   1000.80612231	    299.27815618	     17.12887852	      0.00000000	      0.00000000
    161.62500000	    991.04442812	    299.32775296	     16.55434575	      0.00000000	      0.00000000
    261.67691040	    979.85170483	    299.48006636	     16.23286371	      0.00000000	      0.00000000
    377.23678589	    967.04121228	    299.66804731	     15.88218406	      0.00000000	      0.00000000
    510.70849609	    952.40118669	    299.92247916	     15.39075336	      0.00000000	      0.00000000
    664.86828613	    935.70114666	    300.31719246	     14.65516507	      0.00000000	      0.00000000
    842.92291260	    916.69474402	    300.90163625	     13.70986483	      0.00000000	      0.00000000
   1048.57604980	    895.12243440	    301.67805958	     12.71161974	      0.00000000	      0.00000000
   1286.10498047	    870.71487041	    302.64641425	     11.72059401	      0.00000000	      0.00000000
   1560.45104980	    843.19772327	    303.79813988	     10.73739924	      0.00000000	      0.00000000
   1877.32104492	    812.29987344	    305.13477177	      9.75136692	      0.00000000	      0.00000000
   2243.30590820	    777.76696592	    306.67858615	      8.75491799	      0.00000000	      0.00000000
   2666.01904297	    739.38080342	    308.47557898	      7.74308871	      0.00000000	      0.00000000
   3154.25097656	    696.98545962	    310.59613176	      6.70801961	      0.00000000	      0.00000000
   3718.15991211	    650.51837610	    313.12148554	      5.63153171	      0.00000000	      0.00000000
   4369.47509766	    600.04481069	    316.10144591	      4.50878617	      0.00000000	      0.00000000
   5121.74414062	    545.78968599	    319.51754095	      3.37547979	      0.00000000	      0.00000000
   5990.61376953	    488.16742943	    323.26514392	      2.30146152	      0.00000000	      0.00000000
   6994.15917969	    427.85753228	    327.19363909	      1.35655626	      0.00000000	      0.00000000
   7994.15917969	    373.82729990	    330.47890509	      0.72028373	      0.00000000	      0.00000000
   8994.15820312	    325.24480748	    332.97506332	      0.34995156	      0.00000000	      0.00000000
   9994.15820312	    281.60578553	    334.74160763	      0.16250038	      0.00000000	      0.00000000
  10994.16015625	    242.48381390	    336.04423703	      0.07439180	      0.00000000	      0.00000000
  11994.16015625	    207.53522145	    337.39540032	      0.03244563	      0.00000000	      0.00000000
  12994.16015625	    176.50838928	    339.90676155	      0.01342115	      0.00000000	      0.00000000
  13994.16015625	    149.26690818	    345.89942426	      0.00652645	      0.00000000	      0.00000000
  14994.16015625	    125.73418186	    357.48128506	      0.00521537	      0.00000000	      0.00000000
  15994.16015625	    105.74972198	    374.97731113	      0.00592169	      0.00000000	      0.00000000
  16994.16015625	     88.97334625	    396.26073915	      0.00793814	      0.00000000	      0.00000000
  17994.16015625	     74.93723271	    418.86319036	      0.01047200	      0.00000000	      0.00000000
  18994.16015625	     63.16930518	    441.39667724	      0.01299637	      0.00000000	      0.00000000
  19994.16015625	     53.26391253	    463.27710908	      0.01524295	      0.00000000	      0.00000000
  20994.16015625	     44.89215951	    484.53996441	      0.01697134	      0.00000000	      0.00000000
  22054.16015625	     37.41965419	    508.30182355	      0.01805793	      0.00000000	      0.00000000
  23177.75976562	     30.83748914	    536.84217674	      0.01839647	      0.00000000	      0.00000000
  24368.76953125	     25.12556726	    570.89891867	      0.01839582	      0.00000000	      0.00000000
  25631.25000000	     20.23899755	    610.39986157	      0.01835507	      0.00000000	      0.00000000
  26969.47070312	     16.11109924	    654.80144531	      0.01834996	      0.00000000	      0.00000000
  28387.99023438	     12.66276915	    703.47998956	      0.01835139	      0.00000000	      0.00000000
  29887.99023438	      9.82017908	    756.25134940	      0.01835164	      0.00000000	      0.00000000
  31387.99023438	      7.61436683	    811.63729047	      0.01835147	      0.00000000	      0.00000000
  32887.98828125	      5.90095245	    871.20554460	      0.01835113	      0.00000000	      0.00000000
  10000.00,         42,    1009.32
     75.00000000	   1000.80612231	    299.27815618	     17.12887852	      0.00000000	      0.00000000
    161.62500000	    991.04442812	    299.32775296	     16.55434575	      0.00000000	      0.00000000
    261.67691040	    979.85170483	    299.48006636	     16.23286371	      0.00000000	      0.00000000
    377.23678589	    967.04121228	    299.66804731	     15.88218406	      0.00000000	      0.00000000
    510.70849609	    952.40118669	    299.92247916	     15.39075336	      0.00000000	      0.00000000
    664.86828613	    935.70114666	    300.31719246	     14.65516507	      0.00000000	      0.00000000
    842.92291260	    916.69474402	    300.90163625	     13.70986483	      0.00000000	      0.00000000
   1048.57604980	    895.12243440	    301.67805958	     12.71161974	      0.00000000	      0.00000000
   1286.10498047	    870.71487041	    302.64641425	     11.72059401	      0.00000000	      0.00000000
   1560.45104980	    843.19772327	    303.79813988	     10.73739924	      0.00000000	      0.00000000
   1877.32104492	    812.29987344	    305.13477177	      9.75136692	      0.00000000	      0.00000000
   2243.30590820	    777.76696592	    306.67858615	      8.75491799	      0.00000000	      0.00000000
   2666.01904297	    739.38080342	    308.47557898	      7.74308871	      0.00000000	      0.00000000
   3154.25097656	    696.98545962	    310.59613176	      6.70801961	      0.00000000	      0.00000000
   3718.15991211	    650.51837610	    313.12148554	      5.63153171	      0.00000000	      0.00000000
   4369.47509766	    600.04481069	    316.10144591	      4.50878617	      0.00000000	      0.00000000
   5121.74414062	    545.78968599	    319.51754095	      3.37547979	      0.00000000	      0.00000000
   5990.61376953	    488.16742943	    323.26514392	      2.30146152	      0.00000000	      0.00000000
   6994.15917969	    427.85753228	    327.19363909	      1.35655626	      0.00000000	      0.00000000
   7994.15917969	    373.82729990	    330.47890509	      0.72028373	      0.00000000	      0.00000000
   8994.15820312	    325.24480748	    332.97506332	      0.34995156	      0.00000000	      0.00000000
   9994.15820312	    281.60578553	    334.74160763	      0.16250038	      0.00000000	      0.00000000
  10994.16015625	    242.48381390	    336.04423703	      0.07439180	      0.00000000	      0.00000000
  11994.16015625	    207.53522145	    337.39540032	      0.03244563	      0.00000000	      0.00000000
  12994.16015625	    176.50838928	    339.90676155	      0.01342115	      0.00000000	      0.00000000
  13994.16015625	    149.26690818	    345.89942426	      0.00652645	      0.00000000	      0.00000000
  14994.16015625	    125.73418186	    357.48128506	      0.00521537	      0.00000000	      0.00000000
  15994.16015625	    105.74972198	    374.97731113	      0.00592169	      0.00000000	      0.00000000
  16994.16015625	     88.97334625	    396.26073915	      0.00793814	      0.00000000	      0.00000000
  17994.16015625	     74.93723271	    418.86319036	      0.01047200	      0.00000000	      0.00000000
  18994.16015625	     63.16930518	    441.39667724	      0.01299637	      0.00000000	      0.00000000
  19994.16015625	     53.26391253	    463.27710908	      0.01524295	      0.00000000	      0.00000000
  20994.16015625	     44.89215951	    484.53996441	      0.01697134	      0.00000000	      0.00000000
  22054.16015625	     37.41965419	    508.30182355	      0.01805793	      0.00000000	      0.00000000
  23177.75976562	     30.83748914	    536.84217674	      0.01839647	      0.00000000	      0.00000000
  24368.76953125	     25.12556726	    570.89891867	      0.01839582	      0.00000000	      0.00000000
  25631.25000000	     20.23899755	    610.39986157	      0.01835507	      0.00000000	      0.00000000
  26969.47070312	     16.11109924	    654.80144531	      0.01834996	      0.00000000	      0.00000000
  28387.99023438	     12.66276915	    703.47998956	      0.01835139	      0.00000000	      0.00000000
  29887.99023438	      9.82017908	    756.25134940	      0.01835164	      0.00000000	      0.00000000
  31387.99023438	      7.61436683	    811.63729047	      0.01835147	      0.00000000	      0.00000000
  32887.98828125	      5.90095245	    871.20554460	      0.01835113	      0.00000000	      0.00000000
