      z[m]      p[mb]      tp[K]    q[g/kg]     u[m/s]     v[m/s]
      0.00,         64,    1009.32
     25.00000000	   1006.44668748	    296.59339769	     14.38831078	      0.00000000	      0.00000000
     75.00000000	   1000.71889833	    296.55485955	     14.05075073	      0.00000000	      0.00000000
    127.84809875	    994.68932910	    296.59363734	     13.99508793	      0.00000000	      0.00000000
    186.71687317	    988.00401766	    296.63543234	     13.93925229	      0.00000000	      0.00000000
    252.29220581	    980.59571840	    296.68067302	     13.87956553	      0.00000000	      0.00000000
    325.33816528	    972.39113333	    296.73129897	     13.79071219	      0.00000000	      0.00000000
    406.70581055	    963.31079606	    296.79647931	     13.66049453	      0.00000000	      0.00000000
    497.34317017	    953.26909316	    296.89341044	     13.45320352	      0.00000000	      0.00000000
    598.30627441	    942.17456494	    297.05564395	     13.11677790	      0.00000000	      0.00000000
    710.77154541	    929.93075834	    297.33316582	     12.59732869	      0.00000000	      0.00000000
    836.04931641	    916.43698422	    297.74317553	     11.94961926	      0.00000000	      0.00000000
    975.59924316	    901.58812238	    298.25595315	     11.29968250	      0.00000000	      0.00000000
   1131.04724121	    885.27436843	    298.84493200	     10.69887875	      0.00000000	      0.00000000
   1304.20446777	    867.38202948	    299.50458523	     10.12903046	      0.00000000	      0.00000000
   1497.08850098	    847.79530577	    300.24242109	      9.55784201	      0.00000000	      0.00000000
   1711.94665527	    826.39862696	    301.06665381	      8.96833024	      0.00000000	      0.00000000
   1951.28234863	    803.07950257	    301.98777581	      8.35672105	      0.00000000	      0.00000000
   2217.88403320	    777.73253930	    303.02727639	      7.72035780	      0.00000000	      0.00000000
   2514.85815430	    750.26437206	    304.21061320	      7.05254236	      0.00000000	      0.00000000
   2845.66479492	    720.59883482	    305.55344614	      6.34911587	      0.00000000	      0.00000000
   3214.15820312	    688.68267636	    307.06899823	      5.60934446	      0.00000000	      0.00000000
   3624.63183594	    654.49321808	    308.78070225	      4.83364753	      0.00000000	      0.00000000
   4081.86840820	    618.04907016	    310.71538926	      4.03189787	      0.00000000	      0.00000000
   4581.86816406	    580.11189616	    312.80959322	      3.25640032	      0.00000000	      0.00000000
   5081.86816406	    544.08915529	    314.79264568	      2.60664841	      0.00000000	      0.00000000
   5581.86816406	    509.88669916	    316.68041806	      2.05904867	      0.00000000	      0.00000000
   6081.86816406	    477.42444175	    318.50618934	      1.58491338	      0.00000000	      0.00000000
   6581.86816406	    446.62610931	    320.24086280	      1.18136775	      0.00000000	      0.00000000
   7081.86816406	    417.41466359	    321.81221935	      0.85991894	      0.00000000	      0.00000000
   7581.86816406	    389.71305123	    323.18540012	      0.61682206	      0.00000000	      0.00000000
   8081.86816406	    363.44814225	    324.37093471	      0.43554139	      0.00000000	      0.00000000
   8581.86816406	    338.55253902	    325.38821480	      0.30053312	      0.00000000	      0.00000000
   9081.86816406	    314.96391028	    326.24622716	      0.20224686	      0.00000000	      0.00000000
   9581.86816406	    292.62436801	    326.96104199	      0.13351708	      0.00000000	      0.00000000
  10081.86816406	    271.48085107	    327.56890655	      0.08719164	      0.00000000	      0.00000000
  10581.86816406	    251.48562221	    328.12561960	      0.05656859	      0.00000000	      0.00000000
  11081.86816406	    232.59652621	    328.70982553	      0.03627829	      0.00000000	      0.00000000
  11581.86816406	    214.77711538	    329.42628388	      0.02287655	      0.00000000	      0.00000000
  12081.86816406	    197.99704512	    330.42729560	      0.01428068	      0.00000000	      0.00000000
  12581.86816406	    182.23306713	    331.94158990	      0.00903556	      0.00000000	      0.00000000
  13081.86816406	    167.47112760	    334.34295121	      0.00602959	      0.00000000	      0.00000000
  13581.86816406	    153.70790102	    338.14862094	      0.00446257	      0.00000000	      0.00000000
  14081.86816406	    140.94619641	    343.81919714	      0.00386273	      0.00000000	      0.00000000
  14581.86816406	    129.18185010	    351.45704662	      0.00383755	      0.00000000	      0.00000000
  15081.86816406	    118.38960546	    360.70546665	      0.00416941	      0.00000000	      0.00000000
  15581.86816406	    108.51924247	    370.99867990	      0.00474597	      0.00000000	      0.00000000
  16081.86816406	     99.50335697	    381.85638559	      0.00544895	      0.00000000	      0.00000000
  16581.86718750	     91.26876456	    393.01423091	      0.00619684	      0.00000000	      0.00000000
  17081.86718750	     83.74490414	    404.41514241	      0.00695269	      0.00000000	      0.00000000
  17581.86718750	     76.86805370	    416.15019346	      0.00769199	      0.00000000	      0.00000000
  18081.86718750	     70.58314960	    428.52591008	      0.00834853	      0.00000000	      0.00000000
  18581.86718750	     64.84491882	    442.11695210	      0.00878278	      0.00000000	      0.00000000
  19081.86718750	     59.61286846	    456.87584905	      0.00886640	      0.00000000	      0.00000000
  19581.86718750	     54.84305802	    471.97329454	      0.00885249	      0.00000000	      0.00000000
  20081.86718750	     50.48724636	    486.59300176	      0.00878044	      0.00000000	      0.00000000
  20590.05468750	     46.43565505	    500.68130325	      0.00863076	      0.00000000	      0.00000000
  21149.06054688	     42.36858374	    515.88652501	      0.00831211	      0.00000000	      0.00000000
  21763.96679688	     38.32180201	    533.62454232	      0.00766238	      0.00000000	      0.00000000
  22440.36328125	     34.34126677	    555.45854754	      0.00650061	      0.00000000	      0.00000000
  23184.40039062	     30.47853699	    582.41940212	      0.00477651	      0.00000000	      0.00000000
  24002.83984375	     26.78230571	    614.83141216	      0.00273416	      0.00000000	      0.00000000
  24903.12304688	     23.29312519	    652.93613258	      0.00093844	      0.00000000	      0.00000000
  25893.43554688	     20.04326861	    697.50098292	      0.00001714	      0.00000000	      0.00000000
  26982.77929688	     17.05745725	    748.73992073	      0.00000000	      0.00000000	      0.00000000
  10000.00,         64,    1009.32
     25.00000000	   1006.44668748	    296.59339769	     14.38831078	      0.00000000	      0.00000000
     75.00000000	   1000.71889833	    296.55485955	     14.05075073	      0.00000000	      0.00000000
    127.84809875	    994.68932910	    296.59363734	     13.99508793	      0.00000000	      0.00000000
    186.71687317	    988.00401766	    296.63543234	     13.93925229	      0.00000000	      0.00000000
    252.29220581	    980.59571840	    296.68067302	     13.87956553	      0.00000000	      0.00000000
    325.33816528	    972.39113333	    296.73129897	     13.79071219	      0.00000000	      0.00000000
    406.70581055	    963.31079606	    296.79647931	     13.66049453	      0.00000000	      0.00000000
    497.34317017	    953.26909316	    296.89341044	     13.45320352	      0.00000000	      0.00000000
    598.30627441	    942.17456494	    297.05564395	     13.11677790	      0.00000000	      0.00000000
    710.77154541	    929.93075834	    297.33316582	     12.59732869	      0.00000000	      0.00000000
    836.04931641	    916.43698422	    297.74317553	     11.94961926	      0.00000000	      0.00000000
    975.59924316	    901.58812238	    298.25595315	     11.29968250	      0.00000000	      0.00000000
   1131.04724121	    885.27436843	    298.84493200	     10.69887875	      0.00000000	      0.00000000
   1304.20446777	    867.38202948	    299.50458523	     10.12903046	      0.00000000	      0.00000000
   1497.08850098	    847.79530577	    300.24242109	      9.55784201	      0.00000000	      0.00000000
   1711.94665527	    826.39862696	    301.06665381	      8.96833024	      0.00000000	      0.00000000
   1951.28234863	    803.07950257	    301.98777581	      8.35672105	      0.00000000	      0.00000000
   2217.88403320	    777.73253930	    303.02727639	      7.72035780	      0.00000000	      0.00000000
   2514.85815430	    750.26437206	    304.21061320	      7.05254236	      0.00000000	      0.00000000
   2845.66479492	    720.59883482	    305.55344614	      6.34911587	      0.00000000	      0.00000000
   3214.15820312	    688.68267636	    307.06899823	      5.60934446	      0.00000000	      0.00000000
   3624.63183594	    654.49321808	    308.78070225	      4.83364753	      0.00000000	      0.00000000
   4081.86840820	    618.04907016	    310.71538926	      4.03189787	      0.00000000	      0.00000000
   4581.86816406	    580.11189616	    312.80959322	      3.25640032	      0.00000000	      0.00000000
   5081.86816406	    544.08915529	    314.79264568	      2.60664841	      0.00000000	      0.00000000
   5581.86816406	    509.88669916	    316.68041806	      2.05904867	      0.00000000	      0.00000000
   6081.86816406	    477.42444175	    318.50618934	      1.58491338	      0.00000000	      0.00000000
   6581.86816406	    446.62610931	    320.24086280	      1.18136775	      0.00000000	      0.00000000
   7081.86816406	    417.41466359	    321.81221935	      0.85991894	      0.00000000	      0.00000000
   7581.86816406	    389.71305123	    323.18540012	      0.61682206	      0.00000000	      0.00000000
   8081.86816406	    363.44814225	    324.37093471	      0.43554139	      0.00000000	      0.00000000
   8581.86816406	    338.55253902	    325.38821480	      0.30053312	      0.00000000	      0.00000000
   9081.86816406	    314.96391028	    326.24622716	      0.20224686	      0.00000000	      0.00000000
   9581.86816406	    292.62436801	    326.96104199	      0.13351708	      0.00000000	      0.00000000
  10081.86816406	    271.48085107	    327.56890655	      0.08719164	      0.00000000	      0.00000000
  10581.86816406	    251.48562221	    328.12561960	      0.05656859	      0.00000000	      0.00000000
  11081.86816406	    232.59652621	    328.70982553	      0.03627829	      0.00000000	      0.00000000
  11581.86816406	    214.77711538	    329.42628388	      0.02287655	      0.00000000	      0.00000000
  12081.86816406	    197.99704512	    330.42729560	      0.01428068	      0.00000000	      0.00000000
  12581.86816406	    182.23306713	    331.94158990	      0.00903556	      0.00000000	      0.00000000
  13081.86816406	    167.47112760	    334.34295121	      0.00602959	      0.00000000	      0.00000000
  13581.86816406	    153.70790102	    338.14862094	      0.00446257	      0.00000000	      0.00000000
  14081.86816406	    140.94619641	    343.81919714	      0.00386273	      0.00000000	      0.00000000
  14581.86816406	    129.18185010	    351.45704662	      0.00383755	      0.00000000	      0.00000000
  15081.86816406	    118.38960546	    360.70546665	      0.00416941	      0.00000000	      0.00000000
  15581.86816406	    108.51924247	    370.99867990	      0.00474597	      0.00000000	      0.00000000
  16081.86816406	     99.50335697	    381.85638559	      0.00544895	      0.00000000	      0.00000000
  16581.86718750	     91.26876456	    393.01423091	      0.00619684	      0.00000000	      0.00000000
  17081.86718750	     83.74490414	    404.41514241	      0.00695269	      0.00000000	      0.00000000
  17581.86718750	     76.86805370	    416.15019346	      0.00769199	      0.00000000	      0.00000000
  18081.86718750	     70.58314960	    428.52591008	      0.00834853	      0.00000000	      0.00000000
  18581.86718750	     64.84491882	    442.11695210	      0.00878278	      0.00000000	      0.00000000
  19081.86718750	     59.61286846	    456.87584905	      0.00886640	      0.00000000	      0.00000000
  19581.86718750	     54.84305802	    471.97329454	      0.00885249	      0.00000000	      0.00000000
  20081.86718750	     50.48724636	    486.59300176	      0.00878044	      0.00000000	      0.00000000
  20590.05468750	     46.43565505	    500.68130325	      0.00863076	      0.00000000	      0.00000000
  21149.06054688	     42.36858374	    515.88652501	      0.00831211	      0.00000000	      0.00000000
  21763.96679688	     38.32180201	    533.62454232	      0.00766238	      0.00000000	      0.00000000
  22440.36328125	     34.34126677	    555.45854754	      0.00650061	      0.00000000	      0.00000000
  23184.40039062	     30.47853699	    582.41940212	      0.00477651	      0.00000000	      0.00000000
  24002.83984375	     26.78230571	    614.83141216	      0.00273416	      0.00000000	      0.00000000
  24903.12304688	     23.29312519	    652.93613258	      0.00093844	      0.00000000	      0.00000000
  25893.43554688	     20.04326861	    697.50098292	      0.00001714	      0.00000000	      0.00000000
  26982.77929688	     17.05745725	    748.73992073	      0.00000000	      0.00000000	      0.00000000
