      z[m]      p[mb]      tp[K]    q[g/kg]     u[m/s]     v[m/s]
      0.00,         64,    1009.32
     25.00000000	   1006.44725415	    296.68076932	     14.22763390	      0.00000000	      0.00000000
     75.00000000	   1000.72004197	    296.60748976	     13.76643129	      0.00000000	      0.00000000
    127.84809875	    994.69034366	    296.64189197	     13.64894397	      0.00000000	      0.00000000
    186.71687317	    988.00476425	    296.69089064	     13.57705912	      0.00000000	      0.00000000
    252.29220581	    980.59632853	    296.74607409	     13.50881926	      0.00000000	      0.00000000
    325.33816528	    972.39185789	    296.80768284	     13.41943734	      0.00000000	      0.00000000
    406.70581055	    963.31197101	    296.88235441	     13.29403755	      0.00000000	      0.00000000
    497.34317017	    953.27106443	    296.98393430	     13.10372848	      0.00000000	      0.00000000
    598.30627441	    942.17754712	    297.13893761	     12.80658248	      0.00000000	      0.00000000
    710.77154541	    929.93456266	    297.39301429	     12.34314431	      0.00000000	      0.00000000
    836.04931641	    916.44104114	    297.78519223	     11.71024960	      0.00000000	      0.00000000
    975.59924316	    901.59199580	    298.30152205	     11.02078069	      0.00000000	      0.00000000
   1131.04724121	    885.27823225	    298.91204248	     10.35913705	      0.00000000	      0.00000000
   1304.20446777	    867.38672576	    299.59884752	      9.74019651	      0.00000000	      0.00000000
   1497.08850098	    847.80200380	    300.35694071	      9.14786461	      0.00000000	      0.00000000
   1711.94665527	    826.40836381	    301.18999787	      8.56291196	      0.00000000	      0.00000000
   1951.28234863	    803.09293632	    302.11068137	      7.97039043	      0.00000000	      0.00000000
   2217.88403320	    777.74981000	    303.14162369	      7.35778873	      0.00000000	      0.00000000
   2514.85815430	    750.28497323	    304.31010006	      6.71205315	      0.00000000	      0.00000000
   2845.66479492	    720.62186649	    305.64027995	      6.02253030	      0.00000000	      0.00000000
   3214.15820312	    688.70752341	    307.15289149	      5.28531503	      0.00000000	      0.00000000
   3624.63183594	    654.51979541	    308.86645879	      4.50748390	      0.00000000	      0.00000000
   4081.86840820	    618.07725157	    310.79751938	      3.71257875	      0.00000000	      0.00000000
   4581.86816406	    580.14162742	    312.89203501	      2.95588718	      0.00000000	      0.00000000
   5081.86816406	    544.12192638	    314.90015528	      2.32032350	      0.00000000	      0.00000000
   5581.86816406	    509.92581500	    316.82932203	      1.78083932	      0.00000000	      0.00000000
   6081.86816406	    477.47318088	    318.69020932	      1.32441068	      0.00000000	      0.00000000
   6581.86816406	    446.68622557	    320.44072819	      0.95882214	      0.00000000	      0.00000000
   7081.86816406	    417.48658110	    322.01947930	      0.68751830	      0.00000000	      0.00000000
   7581.86816406	    389.79680693	    323.40158224	      0.49268017	      0.00000000	      0.00000000
   8081.86816406	    363.54375302	    324.59956159	      0.34982983	      0.00000000	      0.00000000
   8581.86816406	    338.65999216	    325.63244991	      0.24328295	      0.00000000	      0.00000000
   9081.86816406	    315.08323188	    326.51136964	      0.16591036	      0.00000000	      0.00000000
   9581.86816406	    292.75573312	    327.25350088	      0.11237917	      0.00000000	      0.00000000
  10081.86816406	    271.62466221	    327.89766134	      0.07650744	      0.00000000	      0.00000000
  10581.86816406	    251.64272495	    328.50667757	      0.05228243	      0.00000000	      0.00000000
  11081.86816406	    232.76858224	    329.17017391	      0.03539097	      0.00000000	      0.00000000
  11581.86816406	    214.96728431	    330.01686577	      0.02354584	      0.00000000	      0.00000000
  12081.86816406	    198.21119429	    331.24256349	      0.01543552	      0.00000000	      0.00000000
  12581.86816406	    182.48064200	    333.10825906	      0.01012296	      0.00000000	      0.00000000
  13081.86816406	    167.76335800	    335.93450481	      0.00693778	      0.00000000	      0.00000000
  13581.86816406	    154.05235764	    340.07628953	      0.00524796	      0.00000000	      0.00000000
  14081.86816406	    141.34070535	    345.80558152	      0.00454009	      0.00000000	      0.00000000
  14581.86816406	    129.61320996	    353.17776383	      0.00443110	      0.00000000	      0.00000000
  15081.86816406	    118.83935185	    362.00916346	      0.00467803	      0.00000000	      0.00000000
  15581.86816406	    108.97154692	    371.95789483	      0.00517435	      0.00000000	      0.00000000
  16081.86816406	     99.94839611	    382.60507125	      0.00579125	      0.00000000	      0.00000000
  16581.86718750	     91.70074674	    393.57549491	      0.00642345	      0.00000000	      0.00000000
  17081.86718750	     84.15881081	    404.68326373	      0.00700152	      0.00000000	      0.00000000
  17581.86718750	     77.25872071	    416.03692798	      0.00747084	      0.00000000	      0.00000000
  18081.86718750	     70.94761889	    428.20451311	      0.00776762	      0.00000000	      0.00000000
  18581.86718750	     65.18561521	    442.07468290	      0.00784178	      0.00000000	      0.00000000
  19081.86718750	     59.93598036	    457.32932842	      0.00783966	      0.00000000	      0.00000000
  19581.86718750	     55.15323273	    472.67201080	      0.00780863	      0.00000000	      0.00000000
  20081.86718750	     50.78591895	    487.31575478	      0.00772855	      0.00000000	      0.00000000
  20590.05468750	     46.72351840	    501.58784628	      0.00754986	      0.00000000	      0.00000000
  21149.06054688	     42.64724346	    517.31150266	      0.00716992	      0.00000000	      0.00000000
  21763.96679688	     38.59414301	    535.68280192	      0.00646574	      0.00000000	      0.00000000
  22440.36328125	     34.60911944	    557.95621608	      0.00534508	      0.00000000	      0.00000000
  23184.40039062	     30.74075919	    584.89555557	      0.00384071	      0.00000000	      0.00000000
  24002.83984375	     27.03438483	    616.71008278	      0.00218402	      0.00000000	      0.00000000
  24903.12304688	     23.52896728	    653.92338796	      0.00077180	      0.00000000	      0.00000000
  25893.43554688	     20.25820359	    697.81068209	      0.00000845	      0.00000000	      0.00000000
  26982.77929688	     17.24878735	    748.26262204	      0.00000000	      0.00000000	      0.00000000
  10000.00,         64,    1009.32
     25.00000000	   1006.44725415	    296.68076932	     14.22763390	      0.00000000	      0.00000000
     75.00000000	   1000.72004197	    296.60748976	     13.76643129	      0.00000000	      0.00000000
    127.84809875	    994.69034366	    296.64189197	     13.64894397	      0.00000000	      0.00000000
    186.71687317	    988.00476425	    296.69089064	     13.57705912	      0.00000000	      0.00000000
    252.29220581	    980.59632853	    296.74607409	     13.50881926	      0.00000000	      0.00000000
    325.33816528	    972.39185789	    296.80768284	     13.41943734	      0.00000000	      0.00000000
    406.70581055	    963.31197101	    296.88235441	     13.29403755	      0.00000000	      0.00000000
    497.34317017	    953.27106443	    296.98393430	     13.10372848	      0.00000000	      0.00000000
    598.30627441	    942.17754712	    297.13893761	     12.80658248	      0.00000000	      0.00000000
    710.77154541	    929.93456266	    297.39301429	     12.34314431	      0.00000000	      0.00000000
    836.04931641	    916.44104114	    297.78519223	     11.71024960	      0.00000000	      0.00000000
    975.59924316	    901.59199580	    298.30152205	     11.02078069	      0.00000000	      0.00000000
   1131.04724121	    885.27823225	    298.91204248	     10.35913705	      0.00000000	      0.00000000
   1304.20446777	    867.38672576	    299.59884752	      9.74019651	      0.00000000	      0.00000000
   1497.08850098	    847.80200380	    300.35694071	      9.14786461	      0.00000000	      0.00000000
   1711.94665527	    826.40836381	    301.18999787	      8.56291196	      0.00000000	      0.00000000
   1951.28234863	    803.09293632	    302.11068137	      7.97039043	      0.00000000	      0.00000000
   2217.88403320	    777.74981000	    303.14162369	      7.35778873	      0.00000000	      0.00000000
   2514.85815430	    750.28497323	    304.31010006	      6.71205315	      0.00000000	      0.00000000
   2845.66479492	    720.62186649	    305.64027995	      6.02253030	      0.00000000	      0.00000000
   3214.15820312	    688.70752341	    307.15289149	      5.28531503	      0.00000000	      0.00000000
   3624.63183594	    654.51979541	    308.86645879	      4.50748390	      0.00000000	      0.00000000
   4081.86840820	    618.07725157	    310.79751938	      3.71257875	      0.00000000	      0.00000000
   4581.86816406	    580.14162742	    312.89203501	      2.95588718	      0.00000000	      0.00000000
   5081.86816406	    544.12192638	    314.90015528	      2.32032350	      0.00000000	      0.00000000
   5581.86816406	    509.92581500	    316.82932203	      1.78083932	      0.00000000	      0.00000000
   6081.86816406	    477.47318088	    318.69020932	      1.32441068	      0.00000000	      0.00000000
   6581.86816406	    446.68622557	    320.44072819	      0.95882214	      0.00000000	      0.00000000
   7081.86816406	    417.48658110	    322.01947930	      0.68751830	      0.00000000	      0.00000000
   7581.86816406	    389.79680693	    323.40158224	      0.49268017	      0.00000000	      0.00000000
   8081.86816406	    363.54375302	    324.59956159	      0.34982983	      0.00000000	      0.00000000
   8581.86816406	    338.65999216	    325.63244991	      0.24328295	      0.00000000	      0.00000000
   9081.86816406	    315.08323188	    326.51136964	      0.16591036	      0.00000000	      0.00000000
   9581.86816406	    292.75573312	    327.25350088	      0.11237917	      0.00000000	      0.00000000
  10081.86816406	    271.62466221	    327.89766134	      0.07650744	      0.00000000	      0.00000000
  10581.86816406	    251.64272495	    328.50667757	      0.05228243	      0.00000000	      0.00000000
  11081.86816406	    232.76858224	    329.17017391	      0.03539097	      0.00000000	      0.00000000
  11581.86816406	    214.96728431	    330.01686577	      0.02354584	      0.00000000	      0.00000000
  12081.86816406	    198.21119429	    331.24256349	      0.01543552	      0.00000000	      0.00000000
  12581.86816406	    182.48064200	    333.10825906	      0.01012296	      0.00000000	      0.00000000
  13081.86816406	    167.76335800	    335.93450481	      0.00693778	      0.00000000	      0.00000000
  13581.86816406	    154.05235764	    340.07628953	      0.00524796	      0.00000000	      0.00000000
  14081.86816406	    141.34070535	    345.80558152	      0.00454009	      0.00000000	      0.00000000
  14581.86816406	    129.61320996	    353.17776383	      0.00443110	      0.00000000	      0.00000000
  15081.86816406	    118.83935185	    362.00916346	      0.00467803	      0.00000000	      0.00000000
  15581.86816406	    108.97154692	    371.95789483	      0.00517435	      0.00000000	      0.00000000
  16081.86816406	     99.94839611	    382.60507125	      0.00579125	      0.00000000	      0.00000000
  16581.86718750	     91.70074674	    393.57549491	      0.00642345	      0.00000000	      0.00000000
  17081.86718750	     84.15881081	    404.68326373	      0.00700152	      0.00000000	      0.00000000
  17581.86718750	     77.25872071	    416.03692798	      0.00747084	      0.00000000	      0.00000000
  18081.86718750	     70.94761889	    428.20451311	      0.00776762	      0.00000000	      0.00000000
  18581.86718750	     65.18561521	    442.07468290	      0.00784178	      0.00000000	      0.00000000
  19081.86718750	     59.93598036	    457.32932842	      0.00783966	      0.00000000	      0.00000000
  19581.86718750	     55.15323273	    472.67201080	      0.00780863	      0.00000000	      0.00000000
  20081.86718750	     50.78591895	    487.31575478	      0.00772855	      0.00000000	      0.00000000
  20590.05468750	     46.72351840	    501.58784628	      0.00754986	      0.00000000	      0.00000000
  21149.06054688	     42.64724346	    517.31150266	      0.00716992	      0.00000000	      0.00000000
  21763.96679688	     38.59414301	    535.68280192	      0.00646574	      0.00000000	      0.00000000
  22440.36328125	     34.60911944	    557.95621608	      0.00534508	      0.00000000	      0.00000000
  23184.40039062	     30.74075919	    584.89555557	      0.00384071	      0.00000000	      0.00000000
  24002.83984375	     27.03438483	    616.71008278	      0.00218402	      0.00000000	      0.00000000
  24903.12304688	     23.52896728	    653.92338796	      0.00077180	      0.00000000	      0.00000000
  25893.43554688	     20.25820359	    697.81068209	      0.00000845	      0.00000000	      0.00000000
  26982.77929688	     17.24878735	    748.26262204	      0.00000000	      0.00000000	      0.00000000
