      z[m]      p[mb]      tp[K]    q[g/kg]     u[m/s]     v[m/s]
      0.00,         64,    1009.32
     25.00000000	   1006.44720728	    296.67591166	     14.22813555	      0.00000000	      0.00000000
     75.00000000	   1000.71991107	    296.60291037	     13.76887860	      0.00000000	      0.00000000
    127.84809875	    994.69012872	    296.63708173	     13.65277453	      0.00000000	      0.00000000
    186.71687317	    988.00445685	    296.68585501	     13.58166329	      0.00000000	      0.00000000
    252.29220581	    980.59591534	    296.74080335	     13.51390543	      0.00000000	      0.00000000
    325.33816528	    972.39132635	    296.80221896	     13.42485275	      0.00000000	      0.00000000
    406.70581055	    963.31130432	    296.87674698	     13.29970365	      0.00000000	      0.00000000
    497.34317017	    953.27024829	    296.97831126	     13.10949815	      0.00000000	      0.00000000
    598.30627441	    942.17657208	    297.13362646	     12.81205517	      0.00000000	      0.00000000
    710.77154541	    929.93343732	    297.38873710	     12.34741418	      0.00000000	      0.00000000
    836.04931641	    916.43979852	    297.78242141	     11.71346622	      0.00000000	      0.00000000
    975.59924316	    901.59068463	    298.29957009	     11.02491015	      0.00000000	      0.00000000
   1131.04724121	    885.27688489	    298.91027843	     10.36477551	      0.00000000	      0.00000000
   1304.20446777	    867.38536279	    299.59716692	      9.74681431	      0.00000000	      0.00000000
   1497.08850098	    847.80064520	    300.35549650	      9.15533407	      0.00000000	      0.00000000
   1711.94665527	    826.40705109	    301.18902507	      8.57167567	      0.00000000	      0.00000000
   1951.28234863	    803.09175006	    302.11076463	      7.98090183	      0.00000000	      0.00000000
   2217.88403320	    777.74890399	    303.14332701	      7.37064498	      0.00000000	      0.00000000
   2514.85815430	    750.28454883	    304.31331271	      6.72814930	      0.00000000	      0.00000000
   2845.66479492	    720.62212610	    305.64432449	      6.04278641	      0.00000000	      0.00000000
   3214.15820312	    688.70864734	    307.15753173	      5.30965981	      0.00000000	      0.00000000
   3624.63183594	    654.52195697	    308.87191302	      4.53474274	      0.00000000	      0.00000000
   4081.86840820	    618.08055707	    310.80281673	      3.74138385	      0.00000000	      0.00000000
   4581.86816406	    580.14589252	    312.89430013	      2.98502669	      0.00000000	      0.00000000
   5081.86816406	    544.12657245	    314.89709360	      2.34869207	      0.00000000	      0.00000000
   5581.86816406	    509.93012924	    316.81952747	      1.80745789	      0.00000000	      0.00000000
   6081.86816406	    477.47637793	    318.67193515	      1.34772779	      0.00000000	      0.00000000
   6581.86816406	    446.68740521	    320.41118819	      0.97736115	      0.00000000	      0.00000000
   7081.86816406	    417.48477963	    321.97682014	      0.70133794	      0.00000000	      0.00000000
   7581.86816406	    389.79121393	    323.34693328	      0.50307066	      0.00000000	      0.00000000
   8081.86816406	    363.53390283	    324.53595678	      0.35805094	      0.00000000	      0.00000000
   8581.86816406	    338.64574304	    325.56219037	      0.24979075	      0.00000000	      0.00000000
   9081.86816406	    315.06465710	    326.43624431	      0.17066047	      0.00000000	      0.00000000
   9581.86816406	    292.73312073	    327.17707657	      0.11534730	      0.00000000	      0.00000000
  10081.86816406	    271.59857544	    327.82485449	      0.07786328	      0.00000000	      0.00000000
  10581.86816406	    251.61395389	    328.44159877	      0.05247631	      0.00000000	      0.00000000
  11081.86816406	    232.73800926	    329.11468633	      0.03500185	      0.00000000	      0.00000000
  11581.86816406	    214.93557712	    329.96485114	      0.02301845	      0.00000000	      0.00000000
  12081.86816406	    198.17823402	    331.17142561	      0.01499691	      0.00000000	      0.00000000
  12581.86816406	    182.44498419	    332.98032522	      0.00982344	      0.00000000	      0.00000000
  13081.86816406	    167.72238945	    335.71677729	      0.00671524	      0.00000000	      0.00000000
  13581.86816406	    154.00346779	    339.76863349	      0.00504296	      0.00000000	      0.00000000
  14081.86816406	    141.28305521	    345.46375423	      0.00435485	      0.00000000	      0.00000000
  14581.86816406	    129.54881091	    352.89291965	      0.00426693	      0.00000000	      0.00000000
  15081.86816406	    118.77202319	    361.82983588	      0.00453004	      0.00000000	      0.00000000
  15581.86816406	    108.90455093	    371.85372395	      0.00503298	      0.00000000	      0.00000000
  16081.86816406	     99.88354017	    382.54862580	      0.00566124	      0.00000000	      0.00000000
  16581.86718750	     91.63972717	    393.63054378	      0.00633256	      0.00000000	      0.00000000
  17081.86718750	     84.10449117	    404.96743188	      0.00700380	      0.00000000	      0.00000000
  17581.86718750	     77.21427200	    416.57358434	      0.00765035	      0.00000000	      0.00000000
  18081.86718750	     70.91390709	    428.78917140	      0.00822722	      0.00000000	      0.00000000
  18581.86718750	     65.16059997	    442.53455658	      0.00863312	      0.00000000	      0.00000000
  19081.86718750	     59.91767846	    457.79849693	      0.00873207	      0.00000000	      0.00000000
  19581.86718750	     55.14205537	    473.42591651	      0.00872223	      0.00000000	      0.00000000
  20081.86718750	     50.78316620	    488.33199304	      0.00863306	      0.00000000	      0.00000000
  20590.05468750	     46.72819456	    502.39359048	      0.00843388	      0.00000000	      0.00000000
  21149.06054688	     42.65510051	    517.39065154	      0.00802724	      0.00000000	      0.00000000
  21763.96679688	     38.59925990	    534.99652292	      0.00726855	      0.00000000	      0.00000000
  22440.36328125	     34.60769045	    556.87805749	      0.00602878	      0.00000000	      0.00000000
  23184.40039062	     30.73277267	    583.92505856	      0.00432464	      0.00000000	      0.00000000
  24002.83984375	     27.02284393	    616.25731171	      0.00242547	      0.00000000	      0.00000000
  24903.12304688	     23.51774444	    654.10748929	      0.00082494	      0.00000000	      0.00000000
  25893.43554688	     20.25006737	    698.49802903	      0.00000663	      0.00000000	      0.00000000
  26982.77929688	     17.24531142	    749.52670484	      0.00000000	      0.00000000	      0.00000000
  10000.00,         64,    1009.32
     25.00000000	   1006.44720728	    296.67591166	     14.22813555	      0.00000000	      0.00000000
     75.00000000	   1000.71991107	    296.60291037	     13.76887860	      0.00000000	      0.00000000
    127.84809875	    994.69012872	    296.63708173	     13.65277453	      0.00000000	      0.00000000
    186.71687317	    988.00445685	    296.68585501	     13.58166329	      0.00000000	      0.00000000
    252.29220581	    980.59591534	    296.74080335	     13.51390543	      0.00000000	      0.00000000
    325.33816528	    972.39132635	    296.80221896	     13.42485275	      0.00000000	      0.00000000
    406.70581055	    963.31130432	    296.87674698	     13.29970365	      0.00000000	      0.00000000
    497.34317017	    953.27024829	    296.97831126	     13.10949815	      0.00000000	      0.00000000
    598.30627441	    942.17657208	    297.13362646	     12.81205517	      0.00000000	      0.00000000
    710.77154541	    929.93343732	    297.38873710	     12.34741418	      0.00000000	      0.00000000
    836.04931641	    916.43979852	    297.78242141	     11.71346622	      0.00000000	      0.00000000
    975.59924316	    901.59068463	    298.29957009	     11.02491015	      0.00000000	      0.00000000
   1131.04724121	    885.27688489	    298.91027843	     10.36477551	      0.00000000	      0.00000000
   1304.20446777	    867.38536279	    299.59716692	      9.74681431	      0.00000000	      0.00000000
   1497.08850098	    847.80064520	    300.35549650	      9.15533407	      0.00000000	      0.00000000
   1711.94665527	    826.40705109	    301.18902507	      8.57167567	      0.00000000	      0.00000000
   1951.28234863	    803.09175006	    302.11076463	      7.98090183	      0.00000000	      0.00000000
   2217.88403320	    777.74890399	    303.14332701	      7.37064498	      0.00000000	      0.00000000
   2514.85815430	    750.28454883	    304.31331271	      6.72814930	      0.00000000	      0.00000000
   2845.66479492	    720.62212610	    305.64432449	      6.04278641	      0.00000000	      0.00000000
   3214.15820312	    688.70864734	    307.15753173	      5.30965981	      0.00000000	      0.00000000
   3624.63183594	    654.52195697	    308.87191302	      4.53474274	      0.00000000	      0.00000000
   4081.86840820	    618.08055707	    310.80281673	      3.74138385	      0.00000000	      0.00000000
   4581.86816406	    580.14589252	    312.89430013	      2.98502669	      0.00000000	      0.00000000
   5081.86816406	    544.12657245	    314.89709360	      2.34869207	      0.00000000	      0.00000000
   5581.86816406	    509.93012924	    316.81952747	      1.80745789	      0.00000000	      0.00000000
   6081.86816406	    477.47637793	    318.67193515	      1.34772779	      0.00000000	      0.00000000
   6581.86816406	    446.68740521	    320.41118819	      0.97736115	      0.00000000	      0.00000000
   7081.86816406	    417.48477963	    321.97682014	      0.70133794	      0.00000000	      0.00000000
   7581.86816406	    389.79121393	    323.34693328	      0.50307066	      0.00000000	      0.00000000
   8081.86816406	    363.53390283	    324.53595678	      0.35805094	      0.00000000	      0.00000000
   8581.86816406	    338.64574304	    325.56219037	      0.24979075	      0.00000000	      0.00000000
   9081.86816406	    315.06465710	    326.43624431	      0.17066047	      0.00000000	      0.00000000
   9581.86816406	    292.73312073	    327.17707657	      0.11534730	      0.00000000	      0.00000000
  10081.86816406	    271.59857544	    327.82485449	      0.07786328	      0.00000000	      0.00000000
  10581.86816406	    251.61395389	    328.44159877	      0.05247631	      0.00000000	      0.00000000
  11081.86816406	    232.73800926	    329.11468633	      0.03500185	      0.00000000	      0.00000000
  11581.86816406	    214.93557712	    329.96485114	      0.02301845	      0.00000000	      0.00000000
  12081.86816406	    198.17823402	    331.17142561	      0.01499691	      0.00000000	      0.00000000
  12581.86816406	    182.44498419	    332.98032522	      0.00982344	      0.00000000	      0.00000000
  13081.86816406	    167.72238945	    335.71677729	      0.00671524	      0.00000000	      0.00000000
  13581.86816406	    154.00346779	    339.76863349	      0.00504296	      0.00000000	      0.00000000
  14081.86816406	    141.28305521	    345.46375423	      0.00435485	      0.00000000	      0.00000000
  14581.86816406	    129.54881091	    352.89291965	      0.00426693	      0.00000000	      0.00000000
  15081.86816406	    118.77202319	    361.82983588	      0.00453004	      0.00000000	      0.00000000
  15581.86816406	    108.90455093	    371.85372395	      0.00503298	      0.00000000	      0.00000000
  16081.86816406	     99.88354017	    382.54862580	      0.00566124	      0.00000000	      0.00000000
  16581.86718750	     91.63972717	    393.63054378	      0.00633256	      0.00000000	      0.00000000
  17081.86718750	     84.10449117	    404.96743188	      0.00700380	      0.00000000	      0.00000000
  17581.86718750	     77.21427200	    416.57358434	      0.00765035	      0.00000000	      0.00000000
  18081.86718750	     70.91390709	    428.78917140	      0.00822722	      0.00000000	      0.00000000
  18581.86718750	     65.16059997	    442.53455658	      0.00863312	      0.00000000	      0.00000000
  19081.86718750	     59.91767846	    457.79849693	      0.00873207	      0.00000000	      0.00000000
  19581.86718750	     55.14205537	    473.42591651	      0.00872223	      0.00000000	      0.00000000
  20081.86718750	     50.78316620	    488.33199304	      0.00863306	      0.00000000	      0.00000000
  20590.05468750	     46.72819456	    502.39359048	      0.00843388	      0.00000000	      0.00000000
  21149.06054688	     42.65510051	    517.39065154	      0.00802724	      0.00000000	      0.00000000
  21763.96679688	     38.59925990	    534.99652292	      0.00726855	      0.00000000	      0.00000000
  22440.36328125	     34.60769045	    556.87805749	      0.00602878	      0.00000000	      0.00000000
  23184.40039062	     30.73277267	    583.92505856	      0.00432464	      0.00000000	      0.00000000
  24002.83984375	     27.02284393	    616.25731171	      0.00242547	      0.00000000	      0.00000000
  24903.12304688	     23.51774444	    654.10748929	      0.00082494	      0.00000000	      0.00000000
  25893.43554688	     20.25006737	    698.49802903	      0.00000663	      0.00000000	      0.00000000
  26982.77929688	     17.24531142	    749.52670484	      0.00000000	      0.00000000	      0.00000000
