      z[m]      p[mb]      tp[K]    q[g/kg]     u[m/s]     v[m/s]
      0.00,         64,    1009.32
     25.00000000	   1006.46759033	    298.36316701	     16.17349052	      0.00000000	      0.00000000
     75.00000000	   1000.77960205	    298.33215633	     15.79870701	      0.00000000	      0.00000000
    127.84809875	    994.79064941	    298.38106902	     15.73867512	      0.00000000	      0.00000000
    186.71687317	    988.15258789	    298.43168012	     15.67351818	      0.00000000	      0.00000000
    252.29220581	    980.79608154	    298.48502410	     15.60249138	      0.00000000	      0.00000000
    325.33816528	    972.64794922	    298.54362174	     15.49687767	      0.00000000	      0.00000000
    406.70581055	    963.63006592	    298.61736510	     15.34488010	      0.00000000	      0.00000000
    497.34317017	    953.65728760	    298.72376596	     15.10820961	      0.00000000	      0.00000000
    598.30627441	    942.63806152	    298.89547632	     14.73691177	      0.00000000	      0.00000000
    710.77154541	    930.47729492	    299.17821805	     14.18595791	      0.00000000	      0.00000000
    836.04931641	    917.07342529	    299.58975002	     13.51488686	      0.00000000	      0.00000000
    975.59924316	    902.32208252	    300.11317240	     12.83747768	      0.00000000	      0.00000000
   1131.04724121	    886.11444092	    300.72720198	     12.19756603	      0.00000000	      0.00000000
   1304.20446777	    868.33819580	    301.42227521	     11.57869244	      0.00000000	      0.00000000
   1497.08850098	    848.87750244	    302.20230745	     10.95086670	      0.00000000	      0.00000000
   1711.94665527	    827.61773682	    303.07397565	     10.29511452	      0.00000000	      0.00000000
   1951.28234863	    804.44641113	    304.04267679	      9.60871601	      0.00000000	      0.00000000
   2217.88403320	    779.25775146	    305.11829749	      8.89588261	      0.00000000	      0.00000000
   2514.85815430	    751.95642090	    306.32623550	      8.15681267	      0.00000000	      0.00000000
   2845.66479492	    722.46508789	    307.69991819	      7.38504076	      0.00000000	      0.00000000
   3214.15820312	    690.72998047	    309.26128645	      6.57694197	      0.00000000	      0.00000000
   3624.63183594	    656.72729492	    311.02679099	      5.73610353	      0.00000000	      0.00000000
   4081.86840820	    620.47381592	    313.02473281	      4.86783791	      0.00000000	      0.00000000
   4581.86816406	    582.72753906	    315.23401347	      4.00440407	      0.00000000	      0.00000000
   5081.86816406	    546.88311768	    317.39023363	      3.25618219	      0.00000000	      0.00000000
   5581.86816406	    512.84869385	    319.43739582	      2.62838507	      0.00000000	      0.00000000
   6081.86816406	    480.54162598	    321.39692967	      2.09059024	      0.00000000	      0.00000000
   6581.86816406	    449.88537598	    323.29033611	      1.61744428	      0.00000000	      0.00000000
   7081.86816406	    420.80679321	    325.08152786	      1.21234095	      0.00000000	      0.00000000
   7581.86816406	    393.23117065	    326.69975258	      0.88827020	      0.00000000	      0.00000000
   8081.86816406	    367.08499146	    328.11694081	      0.64035141	      0.00000000	      0.00000000
   8581.86816406	    342.29922485	    329.34392303	      0.45424369	      0.00000000	      0.00000000
   9081.86816406	    318.80917358	    330.39719482	      0.31532830	      0.00000000	      0.00000000
   9581.86816406	    296.55554199	    331.27912587	      0.21311063	      0.00000000	      0.00000000
  10081.86816406	    275.48287964	    332.01414309	      0.14062811	      0.00000000	      0.00000000
  10581.86816406	    255.54164124	    332.65939342	      0.09161089	      0.00000000	      0.00000000
  11081.86816406	    236.68803406	    333.29355330	      0.05961371	      0.00000000	      0.00000000
  11581.86816406	    218.88385010	    334.00383036	      0.03885082	      0.00000000	      0.00000000
  12081.86816406	    202.09585571	    334.87653739	      0.02513906	      0.00000000	      0.00000000
  12581.86816406	    186.29455566	    336.02957391	      0.01595195	      0.00000000	      0.00000000
  13081.86816406	    171.45516968	    337.64067118	      0.01000355	      0.00000000	      0.00000000
  13581.86816406	    157.55862427	    339.97098281	      0.00645943	      0.00000000	      0.00000000
  14081.86816406	    144.59077454	    343.30626574	      0.00450376	      0.00000000	      0.00000000
  14581.86816406	    132.53814697	    347.83819232	      0.00346768	      0.00000000	      0.00000000
  15081.86816406	    121.38079071	    353.55376107	      0.00291854	      0.00000000	      0.00000000
  15581.86816406	    111.08695221	    360.23862005	      0.00261330	      0.00000000	      0.00000000
  16081.86816406	    101.61228180	    367.57151446	      0.00241425	      0.00000000	      0.00000000
  16581.86718750	     92.90285492	    375.23494668	      0.00224046	      0.00000000	      0.00000000
  17081.86718750	     84.90105438	    383.01941759	      0.00205560	      0.00000000	      0.00000000
  17581.86718750	     77.55088043	    390.90467750	      0.00186129	      0.00000000	      0.00000000
  18081.86718750	     70.80310059	    399.18637007	      0.00169349	      0.00000000	      0.00000000
  18581.86718750	     64.61807251	    408.43957398	      0.00160727	      0.00000000	      0.00000000
  19081.86718750	     58.96188354	    418.84324119	      0.00160728	      0.00000000	      0.00000000
  19581.86718750	     53.79945374	    430.17004235	      0.00167010	      0.00000000	      0.00000000
  20081.86718750	     49.09416580	    442.41303160	      0.00180378	      0.00000000	      0.00000000
  20590.05468750	     44.74396896	    456.07423180	      0.00198111	      0.00000000	      0.00000000
  21149.06054688	     40.42455673	    472.98500845	      0.00215427	      0.00000000	      0.00000000
  21763.96679688	     36.19340134	    494.43071140	      0.00223996	      0.00000000	      0.00000000
  22440.36328125	     32.11058426	    521.63327443	      0.00224135	      0.00000000	      0.00000000
  23184.40039062	     28.23084259	    555.00903818	      0.00224139	      0.00000000	      0.00000000
  24002.83984375	     24.59421539	    594.02333839	      0.00224412	      0.00000000	      0.00000000
  24903.12304688	     21.22393990	    638.00308026	      0.00224685	      0.00000000	      0.00000000
  25893.43554688	     18.13264656	    687.49791131	      0.00224690	      0.00000000	      0.00000000
  26982.77929688	     15.33101559	    744.51764439	      0.00224498	      0.00000000	      0.00000000
  10000.00,         64,    1009.32
     25.00000000	   1006.46759033	    298.36316701	     16.17349052	      0.00000000	      0.00000000
     75.00000000	   1000.77960205	    298.33215633	     15.79870701	      0.00000000	      0.00000000
    127.84809875	    994.79064941	    298.38106902	     15.73867512	      0.00000000	      0.00000000
    186.71687317	    988.15258789	    298.43168012	     15.67351818	      0.00000000	      0.00000000
    252.29220581	    980.79608154	    298.48502410	     15.60249138	      0.00000000	      0.00000000
    325.33816528	    972.64794922	    298.54362174	     15.49687767	      0.00000000	      0.00000000
    406.70581055	    963.63006592	    298.61736510	     15.34488010	      0.00000000	      0.00000000
    497.34317017	    953.65728760	    298.72376596	     15.10820961	      0.00000000	      0.00000000
    598.30627441	    942.63806152	    298.89547632	     14.73691177	      0.00000000	      0.00000000
    710.77154541	    930.47729492	    299.17821805	     14.18595791	      0.00000000	      0.00000000
    836.04931641	    917.07342529	    299.58975002	     13.51488686	      0.00000000	      0.00000000
    975.59924316	    902.32208252	    300.11317240	     12.83747768	      0.00000000	      0.00000000
   1131.04724121	    886.11444092	    300.72720198	     12.19756603	      0.00000000	      0.00000000
   1304.20446777	    868.33819580	    301.42227521	     11.57869244	      0.00000000	      0.00000000
   1497.08850098	    848.87750244	    302.20230745	     10.95086670	      0.00000000	      0.00000000
   1711.94665527	    827.61773682	    303.07397565	     10.29511452	      0.00000000	      0.00000000
   1951.28234863	    804.44641113	    304.04267679	      9.60871601	      0.00000000	      0.00000000
   2217.88403320	    779.25775146	    305.11829749	      8.89588261	      0.00000000	      0.00000000
   2514.85815430	    751.95642090	    306.32623550	      8.15681267	      0.00000000	      0.00000000
   2845.66479492	    722.46508789	    307.69991819	      7.38504076	      0.00000000	      0.00000000
   3214.15820312	    690.72998047	    309.26128645	      6.57694197	      0.00000000	      0.00000000
   3624.63183594	    656.72729492	    311.02679099	      5.73610353	      0.00000000	      0.00000000
   4081.86840820	    620.47381592	    313.02473281	      4.86783791	      0.00000000	      0.00000000
   4581.86816406	    582.72753906	    315.23401347	      4.00440407	      0.00000000	      0.00000000
   5081.86816406	    546.88311768	    317.39023363	      3.25618219	      0.00000000	      0.00000000
   5581.86816406	    512.84869385	    319.43739582	      2.62838507	      0.00000000	      0.00000000
   6081.86816406	    480.54162598	    321.39692967	      2.09059024	      0.00000000	      0.00000000
   6581.86816406	    449.88537598	    323.29033611	      1.61744428	      0.00000000	      0.00000000
   7081.86816406	    420.80679321	    325.08152786	      1.21234095	      0.00000000	      0.00000000
   7581.86816406	    393.23117065	    326.69975258	      0.88827020	      0.00000000	      0.00000000
   8081.86816406	    367.08499146	    328.11694081	      0.64035141	      0.00000000	      0.00000000
   8581.86816406	    342.29922485	    329.34392303	      0.45424369	      0.00000000	      0.00000000
   9081.86816406	    318.80917358	    330.39719482	      0.31532830	      0.00000000	      0.00000000
   9581.86816406	    296.55554199	    331.27912587	      0.21311063	      0.00000000	      0.00000000
  10081.86816406	    275.48287964	    332.01414309	      0.14062811	      0.00000000	      0.00000000
  10581.86816406	    255.54164124	    332.65939342	      0.09161089	      0.00000000	      0.00000000
  11081.86816406	    236.68803406	    333.29355330	      0.05961371	      0.00000000	      0.00000000
  11581.86816406	    218.88385010	    334.00383036	      0.03885082	      0.00000000	      0.00000000
  12081.86816406	    202.09585571	    334.87653739	      0.02513906	      0.00000000	      0.00000000
  12581.86816406	    186.29455566	    336.02957391	      0.01595195	      0.00000000	      0.00000000
  13081.86816406	    171.45516968	    337.64067118	      0.01000355	      0.00000000	      0.00000000
  13581.86816406	    157.55862427	    339.97098281	      0.00645943	      0.00000000	      0.00000000
  14081.86816406	    144.59077454	    343.30626574	      0.00450376	      0.00000000	      0.00000000
  14581.86816406	    132.53814697	    347.83819232	      0.00346768	      0.00000000	      0.00000000
  15081.86816406	    121.38079071	    353.55376107	      0.00291854	      0.00000000	      0.00000000
  15581.86816406	    111.08695221	    360.23862005	      0.00261330	      0.00000000	      0.00000000
  16081.86816406	    101.61228180	    367.57151446	      0.00241425	      0.00000000	      0.00000000
  16581.86718750	     92.90285492	    375.23494668	      0.00224046	      0.00000000	      0.00000000
  17081.86718750	     84.90105438	    383.01941759	      0.00205560	      0.00000000	      0.00000000
  17581.86718750	     77.55088043	    390.90467750	      0.00186129	      0.00000000	      0.00000000
  18081.86718750	     70.80310059	    399.18637007	      0.00169349	      0.00000000	      0.00000000
  18581.86718750	     64.61807251	    408.43957398	      0.00160727	      0.00000000	      0.00000000
  19081.86718750	     58.96188354	    418.84324119	      0.00160728	      0.00000000	      0.00000000
  19581.86718750	     53.79945374	    430.17004235	      0.00167010	      0.00000000	      0.00000000
  20081.86718750	     49.09416580	    442.41303160	      0.00180378	      0.00000000	      0.00000000
  20590.05468750	     44.74396896	    456.07423180	      0.00198111	      0.00000000	      0.00000000
  21149.06054688	     40.42455673	    472.98500845	      0.00215427	      0.00000000	      0.00000000
  21763.96679688	     36.19340134	    494.43071140	      0.00223996	      0.00000000	      0.00000000
  22440.36328125	     32.11058426	    521.63327443	      0.00224135	      0.00000000	      0.00000000
  23184.40039062	     28.23084259	    555.00903818	      0.00224139	      0.00000000	      0.00000000
  24002.83984375	     24.59421539	    594.02333839	      0.00224412	      0.00000000	      0.00000000
  24903.12304688	     21.22393990	    638.00308026	      0.00224685	      0.00000000	      0.00000000
  25893.43554688	     18.13264656	    687.49791131	      0.00224690	      0.00000000	      0.00000000
  26982.77929688	     15.33101559	    744.51764439	      0.00224498	      0.00000000	      0.00000000
