      z[m]      p[mb]      tp[K]    q[g/kg]     u[m/s]     v[m/s]
      0.00,         64,    1009.32
     25.00000000	   1006.44702148	    296.71736733	     14.18950939	      0.00000000	      0.00000000
     75.00000000	   1000.71966553	    296.60034668	     13.57756424	      0.00000000	      0.00000000
    127.84809875	    994.68920898	    296.62194191	     13.38000870	      0.00000000	      0.00000000
    186.71687317	    988.00225830	    296.67330272	     13.28425217	      0.00000000	      0.00000000
    252.29220581	    980.59210205	    296.73348627	     13.19742393	      0.00000000	      0.00000000
    325.33816528	    972.38580322	    296.80222282	     13.09549332	      0.00000000	      0.00000000
    406.70581055	    963.30413818	    296.88406889	     12.96053982	      0.00000000	      0.00000000
    497.34317017	    953.26147461	    296.99172481	     12.76745987	      0.00000000	      0.00000000
    598.30627441	    942.16619873	    297.14724638	     12.48292255	      0.00000000	      0.00000000
    710.77154541	    929.92132568	    297.39017319	     12.05747890	      0.00000000	      0.00000000
    836.04931641	    916.42504883	    297.75964826	     11.48117447	      0.00000000	      0.00000000
    975.59924316	    901.57244873	    298.25396575	     10.83091640	      0.00000000	      0.00000000
   1131.04724121	    885.25415039	    298.85445017	     10.17335224	      0.00000000	      0.00000000
   1304.20446777	    867.35766602	    299.54381675	      9.53297710	      0.00000000	      0.00000000
   1497.08850098	    847.76751709	    300.31135738	      8.90994358	      0.00000000	      0.00000000
   1711.94665527	    826.36865234	    301.15763301	      8.29046059	      0.00000000	      0.00000000
   1951.28234863	    803.04791260	    302.09120225	      7.66557693	      0.00000000	      0.00000000
   2217.88403320	    777.69952393	    303.12462106	      7.02920723	      0.00000000	      0.00000000
   2514.85815430	    750.22821045	    304.27481560	      6.37208605	      0.00000000	      0.00000000
   2845.66479492	    720.55529785	    305.56346596	      5.68396807	      0.00000000	      0.00000000
   3214.15820312	    688.62585449	    307.01534900	      4.95845079	      0.00000000	      0.00000000
   3624.63183594	    654.41601562	    308.66405244	      4.19803905	      0.00000000	      0.00000000
   4081.86840820	    617.94506836	    310.54956131	      3.42315030	      0.00000000	      0.00000000
   4581.86816406	    579.97894287	    312.63409655	      2.68904090	      0.00000000	      0.00000000
   5081.86816406	    543.93280029	    314.65236384	      2.07787466	      0.00000000	      0.00000000
   5581.86816406	    509.71441650	    316.58225354	      1.57017457	      0.00000000	      0.00000000
   6081.86816406	    477.24227905	    318.42544172	      1.15504408	      0.00000000	      0.00000000
   6581.86816406	    446.43734741	    320.15242835	      0.83418906	      0.00000000	      0.00000000
   7081.86816406	    417.22122192	    321.71571631	      0.59920561	      0.00000000	      0.00000000
   7581.86816406	    389.51718140	    323.08792935	      0.42950034	      0.00000000	      0.00000000
   8081.86816406	    363.25109863	    324.26430134	      0.30491725	      0.00000000	      0.00000000
   8581.86816406	    338.35458374	    325.25343890	      0.21413259	      0.00000000	      0.00000000
   9081.86816406	    314.76397705	    326.07467805	      0.14991084	      0.00000000	      0.00000000
   9581.86816406	    292.42181396	    326.76425188	      0.10478058	      0.00000000	      0.00000000
  10081.86816406	    271.27627563	    327.37414370	      0.07291693	      0.00000000	      0.00000000
  10581.86816406	    251.28123474	    327.96559540	      0.05022897	      0.00000000	      0.00000000
  11081.86816406	    232.39607239	    328.61572252	      0.03399228	      0.00000000	      0.00000000
  11581.86816406	    214.58558655	    329.43915264	      0.02247831	      0.00000000	      0.00000000
  12081.86816406	    197.82154846	    330.62818022	      0.01448143	      0.00000000	      0.00000000
  12581.86816406	    182.08399963	    332.44492569	      0.00930660	      0.00000000	      0.00000000
  13081.86816406	    167.35998535	    335.20218585	      0.00629770	      0.00000000	      0.00000000
  13581.86816406	    153.64166260	    339.22444347	      0.00471806	      0.00000000	      0.00000000
  14081.86816406	    140.92056274	    344.76855261	      0.00400197	      0.00000000	      0.00000000
  14581.86816406	    129.18083191	    351.91450217	      0.00381829	      0.00000000	      0.00000000
  15081.86816406	    118.39263916	    360.51230792	      0.00395008	      0.00000000	      0.00000000
  15581.86816406	    108.50949097	    370.21977827	      0.00427943	      0.00000000	      0.00000000
  16081.86816406	     99.47048950	    380.59206694	      0.00468433	      0.00000000	      0.00000000
  16581.86718750	     91.20626068	    391.21396168	      0.00507349	      0.00000000	      0.00000000
  17081.86718750	     83.64623260	    401.86670323	      0.00539867	      0.00000000	      0.00000000
  17581.86718750	     76.72657776	    412.73535212	      0.00563639	      0.00000000	      0.00000000
  18081.86718750	     70.39710999	    424.65158286	      0.00576949	      0.00000000	      0.00000000
  18581.86718750	     64.62420654	    438.91846796	      0.00580512	      0.00000000	      0.00000000
  19081.86718750	     59.37680817	    455.12711260	      0.00580572	      0.00000000	      0.00000000
  19581.86718750	     54.60924149	    471.46184379	      0.00580736	      0.00000000	      0.00000000
  20081.86718750	     50.26581192	    486.88463757	      0.00582183	      0.00000000	      0.00000000
  20590.05468750	     46.23191833	    501.62453367	      0.00586127	      0.00000000	      0.00000000
  21149.06054688	     42.18685150	    517.31256319	      0.00592842	      0.00000000	      0.00000000
  21763.96679688	     38.16219711	    534.77603401	      0.00600891	      0.00000000	      0.00000000
  22440.36328125	     34.19601440	    554.93284840	      0.00607558	      0.00000000	      0.00000000
  23184.40039062	     30.33053207	    578.36143494	      0.00610288	      0.00000000	      0.00000000
  24002.83984375	     26.60750771	    605.30671144	      0.00610311	      0.00000000	      0.00000000
  24903.12304688	     23.06545639	    636.09876203	      0.00610315	      0.00000000	      0.00000000
  25893.43554688	     19.73930359	    671.40701619	      0.00610347	      0.00000000	      0.00000000
  26982.77929688	     16.66139221	    712.07808632	      0.00610318	      0.00000000	      0.00000000
  10000.00,         64,    1009.32
     25.00000000	   1006.44702148	    296.71736733	     14.18950939	      0.00000000	      0.00000000
     75.00000000	   1000.71966553	    296.60034668	     13.57756424	      0.00000000	      0.00000000
    127.84809875	    994.68920898	    296.62194191	     13.38000870	      0.00000000	      0.00000000
    186.71687317	    988.00225830	    296.67330272	     13.28425217	      0.00000000	      0.00000000
    252.29220581	    980.59210205	    296.73348627	     13.19742393	      0.00000000	      0.00000000
    325.33816528	    972.38580322	    296.80222282	     13.09549332	      0.00000000	      0.00000000
    406.70581055	    963.30413818	    296.88406889	     12.96053982	      0.00000000	      0.00000000
    497.34317017	    953.26147461	    296.99172481	     12.76745987	      0.00000000	      0.00000000
    598.30627441	    942.16619873	    297.14724638	     12.48292255	      0.00000000	      0.00000000
    710.77154541	    929.92132568	    297.39017319	     12.05747890	      0.00000000	      0.00000000
    836.04931641	    916.42504883	    297.75964826	     11.48117447	      0.00000000	      0.00000000
    975.59924316	    901.57244873	    298.25396575	     10.83091640	      0.00000000	      0.00000000
   1131.04724121	    885.25415039	    298.85445017	     10.17335224	      0.00000000	      0.00000000
   1304.20446777	    867.35766602	    299.54381675	      9.53297710	      0.00000000	      0.00000000
   1497.08850098	    847.76751709	    300.31135738	      8.90994358	      0.00000000	      0.00000000
   1711.94665527	    826.36865234	    301.15763301	      8.29046059	      0.00000000	      0.00000000
   1951.28234863	    803.04791260	    302.09120225	      7.66557693	      0.00000000	      0.00000000
   2217.88403320	    777.69952393	    303.12462106	      7.02920723	      0.00000000	      0.00000000
   2514.85815430	    750.22821045	    304.27481560	      6.37208605	      0.00000000	      0.00000000
   2845.66479492	    720.55529785	    305.56346596	      5.68396807	      0.00000000	      0.00000000
   3214.15820312	    688.62585449	    307.01534900	      4.95845079	      0.00000000	      0.00000000
   3624.63183594	    654.41601562	    308.66405244	      4.19803905	      0.00000000	      0.00000000
   4081.86840820	    617.94506836	    310.54956131	      3.42315030	      0.00000000	      0.00000000
   4581.86816406	    579.97894287	    312.63409655	      2.68904090	      0.00000000	      0.00000000
   5081.86816406	    543.93280029	    314.65236384	      2.07787466	      0.00000000	      0.00000000
   5581.86816406	    509.71441650	    316.58225354	      1.57017457	      0.00000000	      0.00000000
   6081.86816406	    477.24227905	    318.42544172	      1.15504408	      0.00000000	      0.00000000
   6581.86816406	    446.43734741	    320.15242835	      0.83418906	      0.00000000	      0.00000000
   7081.86816406	    417.22122192	    321.71571631	      0.59920561	      0.00000000	      0.00000000
   7581.86816406	    389.51718140	    323.08792935	      0.42950034	      0.00000000	      0.00000000
   8081.86816406	    363.25109863	    324.26430134	      0.30491725	      0.00000000	      0.00000000
   8581.86816406	    338.35458374	    325.25343890	      0.21413259	      0.00000000	      0.00000000
   9081.86816406	    314.76397705	    326.07467805	      0.14991084	      0.00000000	      0.00000000
   9581.86816406	    292.42181396	    326.76425188	      0.10478058	      0.00000000	      0.00000000
  10081.86816406	    271.27627563	    327.37414370	      0.07291693	      0.00000000	      0.00000000
  10581.86816406	    251.28123474	    327.96559540	      0.05022897	      0.00000000	      0.00000000
  11081.86816406	    232.39607239	    328.61572252	      0.03399228	      0.00000000	      0.00000000
  11581.86816406	    214.58558655	    329.43915264	      0.02247831	      0.00000000	      0.00000000
  12081.86816406	    197.82154846	    330.62818022	      0.01448143	      0.00000000	      0.00000000
  12581.86816406	    182.08399963	    332.44492569	      0.00930660	      0.00000000	      0.00000000
  13081.86816406	    167.35998535	    335.20218585	      0.00629770	      0.00000000	      0.00000000
  13581.86816406	    153.64166260	    339.22444347	      0.00471806	      0.00000000	      0.00000000
  14081.86816406	    140.92056274	    344.76855261	      0.00400197	      0.00000000	      0.00000000
  14581.86816406	    129.18083191	    351.91450217	      0.00381829	      0.00000000	      0.00000000
  15081.86816406	    118.39263916	    360.51230792	      0.00395008	      0.00000000	      0.00000000
  15581.86816406	    108.50949097	    370.21977827	      0.00427943	      0.00000000	      0.00000000
  16081.86816406	     99.47048950	    380.59206694	      0.00468433	      0.00000000	      0.00000000
  16581.86718750	     91.20626068	    391.21396168	      0.00507349	      0.00000000	      0.00000000
  17081.86718750	     83.64623260	    401.86670323	      0.00539867	      0.00000000	      0.00000000
  17581.86718750	     76.72657776	    412.73535212	      0.00563639	      0.00000000	      0.00000000
  18081.86718750	     70.39710999	    424.65158286	      0.00576949	      0.00000000	      0.00000000
  18581.86718750	     64.62420654	    438.91846796	      0.00580512	      0.00000000	      0.00000000
  19081.86718750	     59.37680817	    455.12711260	      0.00580572	      0.00000000	      0.00000000
  19581.86718750	     54.60924149	    471.46184379	      0.00580736	      0.00000000	      0.00000000
  20081.86718750	     50.26581192	    486.88463757	      0.00582183	      0.00000000	      0.00000000
  20590.05468750	     46.23191833	    501.62453367	      0.00586127	      0.00000000	      0.00000000
  21149.06054688	     42.18685150	    517.31256319	      0.00592842	      0.00000000	      0.00000000
  21763.96679688	     38.16219711	    534.77603401	      0.00600891	      0.00000000	      0.00000000
  22440.36328125	     34.19601440	    554.93284840	      0.00607558	      0.00000000	      0.00000000
  23184.40039062	     30.33053207	    578.36143494	      0.00610288	      0.00000000	      0.00000000
  24002.83984375	     26.60750771	    605.30671144	      0.00610311	      0.00000000	      0.00000000
  24903.12304688	     23.06545639	    636.09876203	      0.00610315	      0.00000000	      0.00000000
  25893.43554688	     19.73930359	    671.40701619	      0.00610347	      0.00000000	      0.00000000
  26982.77929688	     16.66139221	    712.07808632	      0.00610318	      0.00000000	      0.00000000
