      z[m]      p[mb]      tp[K]    q[g/kg]     u[m/s]     v[m/s]
      0.00,         64,    1009.32
     25.00000000	   1006.46630859	    298.25522787	     16.00879669	      0.00000000	      0.00000000
     75.00000000	   1000.77435303	    298.22145305	     15.62823868	      0.00000000	      0.00000000
    127.84809875	    994.78430176	    298.27027337	     15.56574059	      0.00000000	      0.00000000
    186.71687317	    988.14239502	    298.32106036	     15.50040531	      0.00000000	      0.00000000
    252.29220581	    980.78216553	    298.37466204	     15.43042850	      0.00000000	      0.00000000
    325.33816528	    972.63116455	    298.43321971	     15.32692051	      0.00000000	      0.00000000
    406.70581055	    963.60900879	    298.50640567	     15.17876625	      0.00000000	      0.00000000
    497.34317017	    953.63165283	    298.61058789	     14.94944000	      0.00000000	      0.00000000
    598.30627441	    942.60766602	    298.77724736	     14.59030724	      0.00000000	      0.00000000
    710.77154541	    930.44049072	    299.05209186	     14.05392361	      0.00000000	      0.00000000
    836.04931641	    917.03015137	    299.45532834	     13.38926315	      0.00000000	      0.00000000
    975.59924316	    902.27178955	    299.97184347	     12.71070671	      0.00000000	      0.00000000
   1131.04724121	    886.05590820	    300.58108070	     12.06754684	      0.00000000	      0.00000000
   1304.20446777	    868.26989746	    301.27243442	     11.44722080	      0.00000000	      0.00000000
   1497.08850098	    848.79931641	    302.04808301	     10.82035255	      0.00000000	      0.00000000
   1711.94665527	    827.52838135	    302.91416748	     10.16797161	      0.00000000	      0.00000000
   1951.28234863	    804.34490967	    303.87589647	      9.48667240	      0.00000000	      0.00000000
   2217.88403320	    779.14276123	    304.94498114	      8.77972603	      0.00000000	      0.00000000
   2514.85815430	    751.82702637	    306.14843812	      8.04660988	      0.00000000	      0.00000000
   2845.66479492	    722.32025146	    307.51854654	      7.28115654	      0.00000000	      0.00000000
   3214.15820312	    690.56927490	    309.07484873	      6.48053408	      0.00000000	      0.00000000
   3624.63183594	    656.55004883	    310.83292276	      5.64805746	      0.00000000	      0.00000000
   4081.86840820	    620.27905273	    312.82100179	      4.78882647	      0.00000000	      0.00000000
   4581.86816406	    582.51501465	    315.01526216	      3.93491650	      0.00000000	      0.00000000
   5081.86816406	    546.65319824	    317.15024938	      3.19562817	      0.00000000	      0.00000000
   5581.86816406	    512.60150146	    319.17510674	      2.57471061	      0.00000000	      0.00000000
   6081.86816406	    480.27795410	    321.11432372	      2.04202843	      0.00000000	      0.00000000
   6581.86816406	    449.60571289	    322.98487895	      1.57393706	      0.00000000	      0.00000000
   7081.86816406	    420.51101685	    324.74335188	      1.17595816	      0.00000000	      0.00000000
   7581.86816406	    392.91918945	    326.31654596	      0.85968667	      0.00000000	      0.00000000
   8081.86816406	    366.75601196	    327.68721270	      0.61756164	      0.00000000	      0.00000000
   8581.86816406	    341.95269775	    328.87293137	      0.43549129	      0.00000000	      0.00000000
   9081.86816406	    318.44555664	    329.88898131	      0.30019084	      0.00000000	      0.00000000
   9581.86816406	    296.17587280	    330.74285760	      0.20192380	      0.00000000	      0.00000000
  10081.86816406	    275.08920288	    331.46900965	      0.13346249	      0.00000000	      0.00000000
  10581.86816406	    255.13705444	    332.13153257	      0.08761951	      0.00000000	      0.00000000
  11081.86816406	    236.27694702	    332.80731751	      0.05750980	      0.00000000	      0.00000000
  11581.86816406	    218.47152710	    333.57625217	      0.03765214	      0.00000000	      0.00000000
  12081.86816406	    201.68740845	    334.52632648	      0.02436594	      0.00000000	      0.00000000
  12581.86816406	    185.89572144	    335.78919419	      0.01547066	      0.00000000	      0.00000000
  13081.86816406	    171.07283020	    337.57915346	      0.00980690	      0.00000000	      0.00000000
  13581.86816406	    157.20281982	    340.23937037	      0.00652328	      0.00000000	      0.00000000
  14081.86816406	    144.27746582	    344.19797685	      0.00481355	      0.00000000	      0.00000000
  14581.86816406	    132.29176331	    349.80858154	      0.00406828	      0.00000000	      0.00000000
  15081.86816406	    121.23471069	    357.17776041	      0.00392186	      0.00000000	      0.00000000
  15581.86816406	    111.08059692	    366.11832953	      0.00416015	      0.00000000	      0.00000000
  16081.86816406	    101.78588104	    376.24668019	      0.00467580	      0.00000000	      0.00000000
  16581.86718750	     93.29301453	    387.12495786	      0.00533033	      0.00000000	      0.00000000
  17081.86718750	     85.53681946	    398.42268608	      0.00599692	      0.00000000	      0.00000000
  17581.86718750	     78.45272827	    410.05819865	      0.00656669	      0.00000000	      0.00000000
  18081.86718750	     71.98344421	    422.36926348	      0.00693562	      0.00000000	      0.00000000
  18581.86718750	     66.08230591	    435.98037916	      0.00703865	      0.00000000	      0.00000000
  19081.86718750	     60.70740128	    450.79721948	      0.00703810	      0.00000000	      0.00000000
  19581.86718750	     55.81272507	    465.99011158	      0.00702862	      0.00000000	      0.00000000
  20081.86718750	     51.34863281	    480.91200655	      0.00702641	      0.00000000	      0.00000000
  20590.05468750	     47.20341492	    495.63208480	      0.00702668	      0.00000000	      0.00000000
  21149.06054688	     43.05062485	    511.54769531	      0.00702726	      0.00000000	      0.00000000
  21763.96679688	     38.92390060	    529.30443889	      0.00702861	      0.00000000	      0.00000000
  22440.36328125	     34.86153030	    549.55091817	      0.00703118	      0.00000000	      0.00000000
  23184.40039062	     30.90483475	    572.76265913	      0.00703412	      0.00000000	      0.00000000
  24002.83984375	     27.09475899	    599.21342365	      0.00703532	      0.00000000	      0.00000000
  24903.12304688	     23.46961021	    629.21727942	      0.00703536	      0.00000000	      0.00000000
  25893.43554688	     20.06438828	    663.39401115	      0.00703531	      0.00000000	      0.00000000
  26982.77929688	     16.91245079	    702.77451201	      0.00703505	      0.00000000	      0.00000000
  10000.00,         64,    1009.32
     25.00000000	   1006.46630859	    298.25522787	     16.00879669	      0.00000000	      0.00000000
     75.00000000	   1000.77435303	    298.22145305	     15.62823868	      0.00000000	      0.00000000
    127.84809875	    994.78430176	    298.27027337	     15.56574059	      0.00000000	      0.00000000
    186.71687317	    988.14239502	    298.32106036	     15.50040531	      0.00000000	      0.00000000
    252.29220581	    980.78216553	    298.37466204	     15.43042850	      0.00000000	      0.00000000
    325.33816528	    972.63116455	    298.43321971	     15.32692051	      0.00000000	      0.00000000
    406.70581055	    963.60900879	    298.50640567	     15.17876625	      0.00000000	      0.00000000
    497.34317017	    953.63165283	    298.61058789	     14.94944000	      0.00000000	      0.00000000
    598.30627441	    942.60766602	    298.77724736	     14.59030724	      0.00000000	      0.00000000
    710.77154541	    930.44049072	    299.05209186	     14.05392361	      0.00000000	      0.00000000
    836.04931641	    917.03015137	    299.45532834	     13.38926315	      0.00000000	      0.00000000
    975.59924316	    902.27178955	    299.97184347	     12.71070671	      0.00000000	      0.00000000
   1131.04724121	    886.05590820	    300.58108070	     12.06754684	      0.00000000	      0.00000000
   1304.20446777	    868.26989746	    301.27243442	     11.44722080	      0.00000000	      0.00000000
   1497.08850098	    848.79931641	    302.04808301	     10.82035255	      0.00000000	      0.00000000
   1711.94665527	    827.52838135	    302.91416748	     10.16797161	      0.00000000	      0.00000000
   1951.28234863	    804.34490967	    303.87589647	      9.48667240	      0.00000000	      0.00000000
   2217.88403320	    779.14276123	    304.94498114	      8.77972603	      0.00000000	      0.00000000
   2514.85815430	    751.82702637	    306.14843812	      8.04660988	      0.00000000	      0.00000000
   2845.66479492	    722.32025146	    307.51854654	      7.28115654	      0.00000000	      0.00000000
   3214.15820312	    690.56927490	    309.07484873	      6.48053408	      0.00000000	      0.00000000
   3624.63183594	    656.55004883	    310.83292276	      5.64805746	      0.00000000	      0.00000000
   4081.86840820	    620.27905273	    312.82100179	      4.78882647	      0.00000000	      0.00000000
   4581.86816406	    582.51501465	    315.01526216	      3.93491650	      0.00000000	      0.00000000
   5081.86816406	    546.65319824	    317.15024938	      3.19562817	      0.00000000	      0.00000000
   5581.86816406	    512.60150146	    319.17510674	      2.57471061	      0.00000000	      0.00000000
   6081.86816406	    480.27795410	    321.11432372	      2.04202843	      0.00000000	      0.00000000
   6581.86816406	    449.60571289	    322.98487895	      1.57393706	      0.00000000	      0.00000000
   7081.86816406	    420.51101685	    324.74335188	      1.17595816	      0.00000000	      0.00000000
   7581.86816406	    392.91918945	    326.31654596	      0.85968667	      0.00000000	      0.00000000
   8081.86816406	    366.75601196	    327.68721270	      0.61756164	      0.00000000	      0.00000000
   8581.86816406	    341.95269775	    328.87293137	      0.43549129	      0.00000000	      0.00000000
   9081.86816406	    318.44555664	    329.88898131	      0.30019084	      0.00000000	      0.00000000
   9581.86816406	    296.17587280	    330.74285760	      0.20192380	      0.00000000	      0.00000000
  10081.86816406	    275.08920288	    331.46900965	      0.13346249	      0.00000000	      0.00000000
  10581.86816406	    255.13705444	    332.13153257	      0.08761951	      0.00000000	      0.00000000
  11081.86816406	    236.27694702	    332.80731751	      0.05750980	      0.00000000	      0.00000000
  11581.86816406	    218.47152710	    333.57625217	      0.03765214	      0.00000000	      0.00000000
  12081.86816406	    201.68740845	    334.52632648	      0.02436594	      0.00000000	      0.00000000
  12581.86816406	    185.89572144	    335.78919419	      0.01547066	      0.00000000	      0.00000000
  13081.86816406	    171.07283020	    337.57915346	      0.00980690	      0.00000000	      0.00000000
  13581.86816406	    157.20281982	    340.23937037	      0.00652328	      0.00000000	      0.00000000
  14081.86816406	    144.27746582	    344.19797685	      0.00481355	      0.00000000	      0.00000000
  14581.86816406	    132.29176331	    349.80858154	      0.00406828	      0.00000000	      0.00000000
  15081.86816406	    121.23471069	    357.17776041	      0.00392186	      0.00000000	      0.00000000
  15581.86816406	    111.08059692	    366.11832953	      0.00416015	      0.00000000	      0.00000000
  16081.86816406	    101.78588104	    376.24668019	      0.00467580	      0.00000000	      0.00000000
  16581.86718750	     93.29301453	    387.12495786	      0.00533033	      0.00000000	      0.00000000
  17081.86718750	     85.53681946	    398.42268608	      0.00599692	      0.00000000	      0.00000000
  17581.86718750	     78.45272827	    410.05819865	      0.00656669	      0.00000000	      0.00000000
  18081.86718750	     71.98344421	    422.36926348	      0.00693562	      0.00000000	      0.00000000
  18581.86718750	     66.08230591	    435.98037916	      0.00703865	      0.00000000	      0.00000000
  19081.86718750	     60.70740128	    450.79721948	      0.00703810	      0.00000000	      0.00000000
  19581.86718750	     55.81272507	    465.99011158	      0.00702862	      0.00000000	      0.00000000
  20081.86718750	     51.34863281	    480.91200655	      0.00702641	      0.00000000	      0.00000000
  20590.05468750	     47.20341492	    495.63208480	      0.00702668	      0.00000000	      0.00000000
  21149.06054688	     43.05062485	    511.54769531	      0.00702726	      0.00000000	      0.00000000
  21763.96679688	     38.92390060	    529.30443889	      0.00702861	      0.00000000	      0.00000000
  22440.36328125	     34.86153030	    549.55091817	      0.00703118	      0.00000000	      0.00000000
  23184.40039062	     30.90483475	    572.76265913	      0.00703412	      0.00000000	      0.00000000
  24002.83984375	     27.09475899	    599.21342365	      0.00703532	      0.00000000	      0.00000000
  24903.12304688	     23.46961021	    629.21727942	      0.00703536	      0.00000000	      0.00000000
  25893.43554688	     20.06438828	    663.39401115	      0.00703531	      0.00000000	      0.00000000
  26982.77929688	     16.91245079	    702.77451201	      0.00703505	      0.00000000	      0.00000000
