      z[m]      p[mb]      tp[K]    q[g/kg]     u[m/s]     v[m/s]
      0.00,        144,    1009.32
     25.00000000	   1006.44885894	    296.83635507	     14.39947455	      0.00000000	      0.00000000
     83.51000214	    999.75248723	    296.74569597	     13.80299264	      0.00000000	      0.00000000
    152.28999329	    991.91888646	    296.78997742	     13.61034383	      0.00000000	      0.00000000
    233.53999329	    982.72244966	    296.86690105	     13.49405259	      0.00000000	      0.00000000
    330.01000977	    971.88455747	    296.96087799	     13.35479004	      0.00000000	      0.00000000
    445.17001343	    959.06199475	    297.08812754	     13.14091641	      0.00000000	      0.00000000
    583.38000488	    943.83815544	    297.29253768	     12.77930648	      0.00000000	      0.00000000
    750.01000977	    925.72578882	    297.67984093	     12.13484071	      0.00000000	      0.00000000
    951.58001709	    904.17538569	    298.34434660	     11.22548572	      0.00000000	      0.00000000
   1195.53002930	    878.62802665	    299.28762838	     10.22868829	      0.00000000	      0.00000000
   1489.44995117	    848.62376444	    300.48611914	      9.23304664	      0.00000000	      0.00000000
   1839.10998535	    814.01837888	    301.91007703	      8.25169839	      0.00000000	      0.00000000
   2244.66992188	    775.32785820	    303.54203899	      7.26715319	      0.00000000	      0.00000000
   2697.28002930	    733.93002843	    305.35576961	      6.28146571	      0.00000000	      0.00000000
   3182.01000977	    691.60821331	    307.30755102	      5.31027070	      0.00000000	      0.00000000
   3681.28002930	    650.11507083	    309.34215917	      4.38061887	      0.00000000	      0.00000000
   4181.50976562	    610.59505044	    311.41229288	      3.53169690	      0.00000000	      0.00000000
   4681.00000000	    573.10243687	    313.48113035	      2.79644690	      0.00000000	      0.00000000
   5180.93994141	    537.46523625	    315.50248176	      2.17841074	      0.00000000	      0.00000000
   5681.06982422	    503.62406431	    317.45307592	      1.65826628	      0.00000000	      0.00000000
   6181.08984375	    471.51896832	    319.30806055	      1.22783862	      0.00000000	      0.00000000
   6681.04980469	    441.06620626	    321.02753792	      0.89042111	      0.00000000	      0.00000000
   7181.04980469	    412.18097754	    322.57345546	      0.64150713	      0.00000000	      0.00000000
   7681.06005859	    384.78918544	    323.93311838	      0.46134903	      0.00000000	      0.00000000
   8181.06005859	    358.82010254	    325.10940981	      0.32881964	      0.00000000	      0.00000000
   8681.05957031	    334.20619769	    326.11082581	      0.23036590	      0.00000000	      0.00000000
   9181.05957031	    310.88538807	    326.95115159	      0.15865260	      0.00000000	      0.00000000
   9681.04980469	    288.80110419	    327.65931724	      0.10806392	      0.00000000	      0.00000000
  10181.04003906	    267.90126927	    328.28045044	      0.07333290	      0.00000000	      0.00000000
  10681.11035156	    248.13660585	    328.87162375	      0.04967301	      0.00000000	      0.00000000
  11181.13964844	    229.47088152	    329.50335069	      0.03331604	      0.00000000	      0.00000000
  11680.87988281	    211.87619215	    330.27114698	      0.02177726	      0.00000000	      0.00000000
  12180.76953125	    195.30600244	    331.32241183	      0.01368472	      0.00000000	      0.00000000
  12681.71972656	    179.70933910	    332.84317844	      0.00842532	      0.00000000	      0.00000000
  13182.12011719	    165.11870750	    335.04643398	      0.00536094	      0.00000000	      0.00000000
  13676.61035156	    151.65757202	    338.20631849	      0.00373308	      0.00000000	      0.00000000
  14155.59960938	    139.51916088	    342.68449759	      0.00296913	      0.00000000	      0.00000000
  14606.75976562	    128.89822241	    348.81710711	      0.00277132	      0.00000000	      0.00000000
  15019.34960938	    119.88079588	    356.65445763	      0.00304475	      0.00000000	      0.00000000
  15386.38964844	    112.42021434	    365.68473288	      0.00397260	      0.00000000	      0.00000000
  15706.25976562	    106.34406064	    374.86422020	      0.00552468	      0.00000000	      0.00000000
  15981.98046875	    101.41171268	    383.09061095	      0.00731087	      0.00000000	      0.00000000
  16218.66992188	     97.38716848	    389.69047876	      0.00878522	      0.00000000	      0.00000000
  16422.36914062	     94.06471935	    394.60655477	      0.00960985	      0.00000000	      0.00000000
  16599.28906250	     91.27532025	    398.23246292	      0.00985242	      0.00000000	      0.00000000
  16754.97070312	     88.88921040	    401.06230862	      0.00980606	      0.00000000	      0.00000000
  16894.13085938	     86.80779080	    403.49460269	      0.00964514	      0.00000000	      0.00000000
  17020.66015625	     84.95637930	    405.77261500	      0.00945983	      0.00000000	      0.00000000
  17137.80078125	     83.27690523	    408.00919174	      0.00930442	      0.00000000	      0.00000000
  17248.09960938	     81.72571364	    410.23913015	      0.00919432	      0.00000000	      0.00000000
  17353.49023438	     80.27079740	    412.46520061	      0.00912339	      0.00000000	      0.00000000
  17455.50976562	     78.88752313	    414.68674499	      0.00907815	      0.00000000	      0.00000000
  17555.42968750	     77.55639813	    416.91059733	      0.00904628	      0.00000000	      0.00000000
  17654.27929688	     76.26227806	    419.15034201	      0.00901953	      0.00000000	      0.00000000
  17752.85937500	     74.99391841	    421.42274128	      0.00899352	      0.00000000	      0.00000000
  17851.68945312	     73.74431647	    423.74302068	      0.00896648	      0.00000000	      0.00000000
  17951.08007812	     72.50952474	    426.12325497	      0.00893804	      0.00000000	      0.00000000
  18051.08007812	     71.28901612	    428.56866878	      0.00890832	      0.00000000	      0.00000000
  18151.57031250	     70.08431987	    431.07737509	      0.00887760	      0.00000000	      0.00000000
  18252.36914062	     68.89754741	    433.64224318	      0.00884613	      0.00000000	      0.00000000
  18353.34960938	     67.73006479	    436.25481877	      0.00881407	      0.00000000	      0.00000000
  18454.38085938	     66.58311107	    438.90624544	      0.00878158	      0.00000000	      0.00000000
  18555.35937500	     65.45747319	    441.58929311	      0.00874879	      0.00000000	      0.00000000
  18656.21093750	     64.35363356	    444.29825209	      0.00871584	      0.00000000	      0.00000000
  18756.88085938	     63.27168880	    447.02798968	      0.00868285	      0.00000000	      0.00000000
  18857.33007812	     62.21158975	    449.77169948	      0.00864996	      0.00000000	      0.00000000
  18957.53906250	     61.17304704	    452.52156466	      0.00861733	      0.00000000	      0.00000000
  19057.51953125	     60.15544999	    455.27067464	      0.00858506	      0.00000000	      0.00000000
  19157.31054688	     59.15789749	    458.01402803	      0.00855326	      0.00000000	      0.00000000
  19256.97070312	     58.17932458	    460.74830459	      0.00852199	      0.00000000	      0.00000000
  19356.59960938	     57.21833015	    463.47261300	      0.00849129	      0.00000000	      0.00000000
  19456.33984375	     56.27321239	    466.18926026	      0.00846115	      0.00000000	      0.00000000
  19556.35937500	     55.34209556	    468.90401457	      0.00843148	      0.00000000	      0.00000000
  19656.85937500	     54.42295470	    471.62612557	      0.00840217	      0.00000000	      0.00000000
  19758.00976562	     53.51417372	    474.36609908	      0.00837309	      0.00000000	      0.00000000
  19859.90039062	     52.61495470	    477.13261609	      0.00834411	      0.00000000	      0.00000000
  19962.59960938	     51.72473486	    479.93241552	      0.00831512	      0.00000000	      0.00000000
  20066.10937500	     50.84358681	    482.76751225	      0.00828608	      0.00000000	      0.00000000
  20170.39062500	     49.97190923	    485.63611557	      0.00825696	      0.00000000	      0.00000000
  20275.41992188	     49.10990561	    488.53542665	      0.00822779	      0.00000000	      0.00000000
  20381.16015625	     48.25791821	    491.46193025	      0.00819861	      0.00000000	      0.00000000
  20487.58007812	     47.41617909	    494.41311169	      0.00816947	      0.00000000	      0.00000000
  20594.68945312	     46.58459076	    497.38936567	      0.00814041	      0.00000000	      0.00000000
  20702.46093750	     45.76336238	    500.39229873	      0.00811145	      0.00000000	      0.00000000
  20810.90039062	     44.95239166	    503.42621514	      0.00808260	      0.00000000	      0.00000000
  20920.02929688	     44.15151323	    506.49659345	      0.00805386	      0.00000000	      0.00000000
  21029.85937500	     43.36064743	    509.60779133	      0.00802522	      0.00000000	      0.00000000
  21140.42968750	     42.57951049	    512.76314167	      0.00799668	      0.00000000	      0.00000000
  21251.76953125	     41.80790550	    515.96280460	      0.00796821	      0.00000000	      0.00000000
  21363.90039062	     41.04571072	    519.20408766	      0.00793983	      0.00000000	      0.00000000
  21476.83007812	     40.29287100	    522.48371855	      0.00791154	      0.00000000	      0.00000000
  21590.58984375	     39.54919841	    525.80067848	      0.00788332	      0.00000000	      0.00000000
  21705.16015625	     38.81483254	    529.15524803	      0.00785518	      0.00000000	      0.00000000
  21820.53906250	     38.08977618	    532.55019288	      0.00782711	      0.00000000	      0.00000000
  21936.73046875	     37.37403281	    535.98997524	      0.00779911	      0.00000000	      0.00000000
  22053.69921875	     36.66778693	    539.47878184	      0.00777120	      0.00000000	      0.00000000
  22171.41992188	     35.97120934	    543.01977452	      0.00774340	      0.00000000	      0.00000000
  22289.89062500	     35.28428384	    546.61521061	      0.00771577	      0.00000000	      0.00000000
  22409.08984375	     34.60710281	    550.26390420	      0.00768835	      0.00000000	      0.00000000
  22529.05078125	     33.93946625	    553.96181476	      0.00766122	      0.00000000	      0.00000000
  22649.81054688	     33.28112271	    557.70286277	      0.00763443	      0.00000000	      0.00000000
  22771.40039062	     32.63187925	    561.48057091	      0.00760801	      0.00000000	      0.00000000
  22893.91015625	     31.99123497	    565.29205575	      0.00758197	      0.00000000	      0.00000000
  23017.42968750	     31.35872054	    569.13759768	      0.00755627	      0.00000000	      0.00000000
  23142.05078125	     30.73390072	    573.02114556	      0.00753084	      0.00000000	      0.00000000
  23267.86914062	     30.11632955	    576.95212937	      0.00750555	      0.00000000	      0.00000000
  23394.89062500	     29.50608238	    580.94258619	      0.00748026	      0.00000000	      0.00000000
  23523.05078125	     28.90352212	    585.00841614	      0.00745482	      0.00000000	      0.00000000
  23652.23046875	     28.30927364	    589.16882828	      0.00742907	      0.00000000	      0.00000000
  23782.19921875	     27.72441887	    593.44145618	      0.00740292	      0.00000000	      0.00000000
  23912.67968750	     27.15018016	    597.83795311	      0.00737633	      0.00000000	      0.00000000
  24043.30078125	     26.58806062	    602.35560184	      0.00734944	      0.00000000	      0.00000000
  24173.64062500	     26.03962387	    606.97035530	      0.00732260	      0.00000000	      0.00000000
  24303.48046875	     25.50544498	    611.64633276	      0.00729630	      0.00000000	      0.00000000
  24432.89062500	     24.98484157	    616.34348834	      0.00727105	      0.00000000	      0.00000000
  24562.19921875	     24.47611884	    621.02508695	      0.00724731	      0.00000000	      0.00000000
  24692.06054688	     23.97644622	    625.64944023	      0.00722546	      0.00000000	      0.00000000
  24823.39062500	     23.48216758	    630.18342756	      0.00720569	      0.00000000	      0.00000000
  24957.46093750	     22.98860951	    634.59955601	      0.00718800	      0.00000000	      0.00000000
  25095.98046875	     22.48990811	    638.92968497	      0.00717204	      0.00000000	      0.00000000
  25241.02929688	     21.97944329	    643.21986831	      0.00715742	      0.00000000	      0.00000000
  25394.82031250	     21.45086490	    647.64985081	      0.00714326	      0.00000000	      0.00000000
  25559.61914062	     20.89843761	    652.33388314	      0.00712886	      0.00000000	      0.00000000
  25737.75000000	     20.31729798	    657.77404066	      0.00711207	      0.00000000	      0.00000000
  25931.43945312	     19.70403706	    664.13058518	      0.00709159	      0.00000000	      0.00000000
  26142.66015625	     19.05713678	    671.60198214	      0.00706575	      0.00000000	      0.00000000
  26372.89062500	     18.37745062	    680.09428584	      0.00703351	      0.00000000	      0.00000000
  26623.58984375	     17.66651445	    689.56230423	      0.00699358	      0.00000000	      0.00000000
  26896.09960938	     16.92680867	    699.98271715	      0.00694478	      0.00000000	      0.00000000
  27191.59960938	     16.16179253	    711.39709247	      0.00688624	      0.00000000	      0.00000000
  27511.31054688	     15.37531367	    723.87547302	      0.00681801	      0.00000000	      0.00000000
  27857.57031250	     14.56911323	    737.49765039	      0.00674117	      0.00000000	      0.00000000
  28234.68945312	     13.74162968	    752.35359091	      0.00665687	      0.00000000	      0.00000000
  28650.84960938	     12.88539915	    768.62759198	      0.00656303	      0.00000000	      0.00000000
  29123.50000000	     11.97974431	    786.97062514	      0.00644633	      0.00000000	      0.00000000
  29685.56054688	     10.98771199	    809.14178295	      0.00626459	      0.00000000	      0.00000000
  30365.00976562	      9.90143208	    837.51263072	      0.00592001	      0.00000000	      0.00000000
  31154.75976562	      8.77946695	    873.07774641	      0.00527221	      0.00000000	      0.00000000
  32042.22070312	      7.67839379	    915.65696489	      0.00422172	      0.00000000	      0.00000000
  33006.98046875	      6.64751492	    964.57871850	      0.00284723	      0.00000000	      0.00000000
  34006.98046875	      5.73517586	   1019.00462927	      0.00147556	      0.00000000	      0.00000000
  35006.98046875	      4.95803666	   1077.77474380	      0.00047222	      0.00000000	      0.00000000
  36006.98046875	      4.29550493	   1140.50041426	      0.00000186	      0.00000000	      0.00000000
  37006.98046875	      3.72969574	   1205.83081987	      0.00000000	      0.00000000	      0.00000000
  10000.00,        144,    1009.32
     25.00000000	   1006.44885894	    296.83635507	     14.39947455	      0.00000000	      0.00000000
     83.51000214	    999.75248723	    296.74569597	     13.80299264	      0.00000000	      0.00000000
    152.28999329	    991.91888646	    296.78997742	     13.61034383	      0.00000000	      0.00000000
    233.53999329	    982.72244966	    296.86690105	     13.49405259	      0.00000000	      0.00000000
    330.01000977	    971.88455747	    296.96087799	     13.35479004	      0.00000000	      0.00000000
    445.17001343	    959.06199475	    297.08812754	     13.14091641	      0.00000000	      0.00000000
    583.38000488	    943.83815544	    297.29253768	     12.77930648	      0.00000000	      0.00000000
    750.01000977	    925.72578882	    297.67984093	     12.13484071	      0.00000000	      0.00000000
    951.58001709	    904.17538569	    298.34434660	     11.22548572	      0.00000000	      0.00000000
   1195.53002930	    878.62802665	    299.28762838	     10.22868829	      0.00000000	      0.00000000
   1489.44995117	    848.62376444	    300.48611914	      9.23304664	      0.00000000	      0.00000000
   1839.10998535	    814.01837888	    301.91007703	      8.25169839	      0.00000000	      0.00000000
   2244.66992188	    775.32785820	    303.54203899	      7.26715319	      0.00000000	      0.00000000
   2697.28002930	    733.93002843	    305.35576961	      6.28146571	      0.00000000	      0.00000000
   3182.01000977	    691.60821331	    307.30755102	      5.31027070	      0.00000000	      0.00000000
   3681.28002930	    650.11507083	    309.34215917	      4.38061887	      0.00000000	      0.00000000
   4181.50976562	    610.59505044	    311.41229288	      3.53169690	      0.00000000	      0.00000000
   4681.00000000	    573.10243687	    313.48113035	      2.79644690	      0.00000000	      0.00000000
   5180.93994141	    537.46523625	    315.50248176	      2.17841074	      0.00000000	      0.00000000
   5681.06982422	    503.62406431	    317.45307592	      1.65826628	      0.00000000	      0.00000000
   6181.08984375	    471.51896832	    319.30806055	      1.22783862	      0.00000000	      0.00000000
   6681.04980469	    441.06620626	    321.02753792	      0.89042111	      0.00000000	      0.00000000
   7181.04980469	    412.18097754	    322.57345546	      0.64150713	      0.00000000	      0.00000000
   7681.06005859	    384.78918544	    323.93311838	      0.46134903	      0.00000000	      0.00000000
   8181.06005859	    358.82010254	    325.10940981	      0.32881964	      0.00000000	      0.00000000
   8681.05957031	    334.20619769	    326.11082581	      0.23036590	      0.00000000	      0.00000000
   9181.05957031	    310.88538807	    326.95115159	      0.15865260	      0.00000000	      0.00000000
   9681.04980469	    288.80110419	    327.65931724	      0.10806392	      0.00000000	      0.00000000
  10181.04003906	    267.90126927	    328.28045044	      0.07333290	      0.00000000	      0.00000000
  10681.11035156	    248.13660585	    328.87162375	      0.04967301	      0.00000000	      0.00000000
  11181.13964844	    229.47088152	    329.50335069	      0.03331604	      0.00000000	      0.00000000
  11680.87988281	    211.87619215	    330.27114698	      0.02177726	      0.00000000	      0.00000000
  12180.76953125	    195.30600244	    331.32241183	      0.01368472	      0.00000000	      0.00000000
  12681.71972656	    179.70933910	    332.84317844	      0.00842532	      0.00000000	      0.00000000
  13182.12011719	    165.11870750	    335.04643398	      0.00536094	      0.00000000	      0.00000000
  13676.61035156	    151.65757202	    338.20631849	      0.00373308	      0.00000000	      0.00000000
  14155.59960938	    139.51916088	    342.68449759	      0.00296913	      0.00000000	      0.00000000
  14606.75976562	    128.89822241	    348.81710711	      0.00277132	      0.00000000	      0.00000000
  15019.34960938	    119.88079588	    356.65445763	      0.00304475	      0.00000000	      0.00000000
  15386.38964844	    112.42021434	    365.68473288	      0.00397260	      0.00000000	      0.00000000
  15706.25976562	    106.34406064	    374.86422020	      0.00552468	      0.00000000	      0.00000000
  15981.98046875	    101.41171268	    383.09061095	      0.00731087	      0.00000000	      0.00000000
  16218.66992188	     97.38716848	    389.69047876	      0.00878522	      0.00000000	      0.00000000
  16422.36914062	     94.06471935	    394.60655477	      0.00960985	      0.00000000	      0.00000000
  16599.28906250	     91.27532025	    398.23246292	      0.00985242	      0.00000000	      0.00000000
  16754.97070312	     88.88921040	    401.06230862	      0.00980606	      0.00000000	      0.00000000
  16894.13085938	     86.80779080	    403.49460269	      0.00964514	      0.00000000	      0.00000000
  17020.66015625	     84.95637930	    405.77261500	      0.00945983	      0.00000000	      0.00000000
  17137.80078125	     83.27690523	    408.00919174	      0.00930442	      0.00000000	      0.00000000
  17248.09960938	     81.72571364	    410.23913015	      0.00919432	      0.00000000	      0.00000000
  17353.49023438	     80.27079740	    412.46520061	      0.00912339	      0.00000000	      0.00000000
  17455.50976562	     78.88752313	    414.68674499	      0.00907815	      0.00000000	      0.00000000
  17555.42968750	     77.55639813	    416.91059733	      0.00904628	      0.00000000	      0.00000000
  17654.27929688	     76.26227806	    419.15034201	      0.00901953	      0.00000000	      0.00000000
  17752.85937500	     74.99391841	    421.42274128	      0.00899352	      0.00000000	      0.00000000
  17851.68945312	     73.74431647	    423.74302068	      0.00896648	      0.00000000	      0.00000000
  17951.08007812	     72.50952474	    426.12325497	      0.00893804	      0.00000000	      0.00000000
  18051.08007812	     71.28901612	    428.56866878	      0.00890832	      0.00000000	      0.00000000
  18151.57031250	     70.08431987	    431.07737509	      0.00887760	      0.00000000	      0.00000000
  18252.36914062	     68.89754741	    433.64224318	      0.00884613	      0.00000000	      0.00000000
  18353.34960938	     67.73006479	    436.25481877	      0.00881407	      0.00000000	      0.00000000
  18454.38085938	     66.58311107	    438.90624544	      0.00878158	      0.00000000	      0.00000000
  18555.35937500	     65.45747319	    441.58929311	      0.00874879	      0.00000000	      0.00000000
  18656.21093750	     64.35363356	    444.29825209	      0.00871584	      0.00000000	      0.00000000
  18756.88085938	     63.27168880	    447.02798968	      0.00868285	      0.00000000	      0.00000000
  18857.33007812	     62.21158975	    449.77169948	      0.00864996	      0.00000000	      0.00000000
  18957.53906250	     61.17304704	    452.52156466	      0.00861733	      0.00000000	      0.00000000
  19057.51953125	     60.15544999	    455.27067464	      0.00858506	      0.00000000	      0.00000000
  19157.31054688	     59.15789749	    458.01402803	      0.00855326	      0.00000000	      0.00000000
  19256.97070312	     58.17932458	    460.74830459	      0.00852199	      0.00000000	      0.00000000
  19356.59960938	     57.21833015	    463.47261300	      0.00849129	      0.00000000	      0.00000000
  19456.33984375	     56.27321239	    466.18926026	      0.00846115	      0.00000000	      0.00000000
  19556.35937500	     55.34209556	    468.90401457	      0.00843148	      0.00000000	      0.00000000
  19656.85937500	     54.42295470	    471.62612557	      0.00840217	      0.00000000	      0.00000000
  19758.00976562	     53.51417372	    474.36609908	      0.00837309	      0.00000000	      0.00000000
  19859.90039062	     52.61495470	    477.13261609	      0.00834411	      0.00000000	      0.00000000
  19962.59960938	     51.72473486	    479.93241552	      0.00831512	      0.00000000	      0.00000000
  20066.10937500	     50.84358681	    482.76751225	      0.00828608	      0.00000000	      0.00000000
  20170.39062500	     49.97190923	    485.63611557	      0.00825696	      0.00000000	      0.00000000
  20275.41992188	     49.10990561	    488.53542665	      0.00822779	      0.00000000	      0.00000000
  20381.16015625	     48.25791821	    491.46193025	      0.00819861	      0.00000000	      0.00000000
  20487.58007812	     47.41617909	    494.41311169	      0.00816947	      0.00000000	      0.00000000
  20594.68945312	     46.58459076	    497.38936567	      0.00814041	      0.00000000	      0.00000000
  20702.46093750	     45.76336238	    500.39229873	      0.00811145	      0.00000000	      0.00000000
  20810.90039062	     44.95239166	    503.42621514	      0.00808260	      0.00000000	      0.00000000
  20920.02929688	     44.15151323	    506.49659345	      0.00805386	      0.00000000	      0.00000000
  21029.85937500	     43.36064743	    509.60779133	      0.00802522	      0.00000000	      0.00000000
  21140.42968750	     42.57951049	    512.76314167	      0.00799668	      0.00000000	      0.00000000
  21251.76953125	     41.80790550	    515.96280460	      0.00796821	      0.00000000	      0.00000000
  21363.90039062	     41.04571072	    519.20408766	      0.00793983	      0.00000000	      0.00000000
  21476.83007812	     40.29287100	    522.48371855	      0.00791154	      0.00000000	      0.00000000
  21590.58984375	     39.54919841	    525.80067848	      0.00788332	      0.00000000	      0.00000000
  21705.16015625	     38.81483254	    529.15524803	      0.00785518	      0.00000000	      0.00000000
  21820.53906250	     38.08977618	    532.55019288	      0.00782711	      0.00000000	      0.00000000
  21936.73046875	     37.37403281	    535.98997524	      0.00779911	      0.00000000	      0.00000000
  22053.69921875	     36.66778693	    539.47878184	      0.00777120	      0.00000000	      0.00000000
  22171.41992188	     35.97120934	    543.01977452	      0.00774340	      0.00000000	      0.00000000
  22289.89062500	     35.28428384	    546.61521061	      0.00771577	      0.00000000	      0.00000000
  22409.08984375	     34.60710281	    550.26390420	      0.00768835	      0.00000000	      0.00000000
  22529.05078125	     33.93946625	    553.96181476	      0.00766122	      0.00000000	      0.00000000
  22649.81054688	     33.28112271	    557.70286277	      0.00763443	      0.00000000	      0.00000000
  22771.40039062	     32.63187925	    561.48057091	      0.00760801	      0.00000000	      0.00000000
  22893.91015625	     31.99123497	    565.29205575	      0.00758197	      0.00000000	      0.00000000
  23017.42968750	     31.35872054	    569.13759768	      0.00755627	      0.00000000	      0.00000000
  23142.05078125	     30.73390072	    573.02114556	      0.00753084	      0.00000000	      0.00000000
  23267.86914062	     30.11632955	    576.95212937	      0.00750555	      0.00000000	      0.00000000
  23394.89062500	     29.50608238	    580.94258619	      0.00748026	      0.00000000	      0.00000000
  23523.05078125	     28.90352212	    585.00841614	      0.00745482	      0.00000000	      0.00000000
  23652.23046875	     28.30927364	    589.16882828	      0.00742907	      0.00000000	      0.00000000
  23782.19921875	     27.72441887	    593.44145618	      0.00740292	      0.00000000	      0.00000000
  23912.67968750	     27.15018016	    597.83795311	      0.00737633	      0.00000000	      0.00000000
  24043.30078125	     26.58806062	    602.35560184	      0.00734944	      0.00000000	      0.00000000
  24173.64062500	     26.03962387	    606.97035530	      0.00732260	      0.00000000	      0.00000000
  24303.48046875	     25.50544498	    611.64633276	      0.00729630	      0.00000000	      0.00000000
  24432.89062500	     24.98484157	    616.34348834	      0.00727105	      0.00000000	      0.00000000
  24562.19921875	     24.47611884	    621.02508695	      0.00724731	      0.00000000	      0.00000000
  24692.06054688	     23.97644622	    625.64944023	      0.00722546	      0.00000000	      0.00000000
  24823.39062500	     23.48216758	    630.18342756	      0.00720569	      0.00000000	      0.00000000
  24957.46093750	     22.98860951	    634.59955601	      0.00718800	      0.00000000	      0.00000000
  25095.98046875	     22.48990811	    638.92968497	      0.00717204	      0.00000000	      0.00000000
  25241.02929688	     21.97944329	    643.21986831	      0.00715742	      0.00000000	      0.00000000
  25394.82031250	     21.45086490	    647.64985081	      0.00714326	      0.00000000	      0.00000000
  25559.61914062	     20.89843761	    652.33388314	      0.00712886	      0.00000000	      0.00000000
  25737.75000000	     20.31729798	    657.77404066	      0.00711207	      0.00000000	      0.00000000
  25931.43945312	     19.70403706	    664.13058518	      0.00709159	      0.00000000	      0.00000000
  26142.66015625	     19.05713678	    671.60198214	      0.00706575	      0.00000000	      0.00000000
  26372.89062500	     18.37745062	    680.09428584	      0.00703351	      0.00000000	      0.00000000
  26623.58984375	     17.66651445	    689.56230423	      0.00699358	      0.00000000	      0.00000000
  26896.09960938	     16.92680867	    699.98271715	      0.00694478	      0.00000000	      0.00000000
  27191.59960938	     16.16179253	    711.39709247	      0.00688624	      0.00000000	      0.00000000
  27511.31054688	     15.37531367	    723.87547302	      0.00681801	      0.00000000	      0.00000000
  27857.57031250	     14.56911323	    737.49765039	      0.00674117	      0.00000000	      0.00000000
  28234.68945312	     13.74162968	    752.35359091	      0.00665687	      0.00000000	      0.00000000
  28650.84960938	     12.88539915	    768.62759198	      0.00656303	      0.00000000	      0.00000000
  29123.50000000	     11.97974431	    786.97062514	      0.00644633	      0.00000000	      0.00000000
  29685.56054688	     10.98771199	    809.14178295	      0.00626459	      0.00000000	      0.00000000
  30365.00976562	      9.90143208	    837.51263072	      0.00592001	      0.00000000	      0.00000000
  31154.75976562	      8.77946695	    873.07774641	      0.00527221	      0.00000000	      0.00000000
  32042.22070312	      7.67839379	    915.65696489	      0.00422172	      0.00000000	      0.00000000
  33006.98046875	      6.64751492	    964.57871850	      0.00284723	      0.00000000	      0.00000000
  34006.98046875	      5.73517586	   1019.00462927	      0.00147556	      0.00000000	      0.00000000
  35006.98046875	      4.95803666	   1077.77474380	      0.00047222	      0.00000000	      0.00000000
  36006.98046875	      4.29550493	   1140.50041426	      0.00000186	      0.00000000	      0.00000000
  37006.98046875	      3.72969574	   1205.83081987	      0.00000000	      0.00000000	      0.00000000
