      z[m]      p[mb]      tp[K]    q[g/kg]     u[m/s]     v[m/s]
      0.00,         64,    1009.32
     25.00000000	   1006.38794304	    291.43199522	      9.93624367	      0.00000000	      0.00000000
     75.00000000	   1000.54343547	    291.38073263	      9.65823172	      0.00000000	      0.00000000
    127.84809875	    994.39148188	    291.41619050	      9.61245639	      0.00000000	      0.00000000
    186.71687317	    987.57110305	    291.45455544	      9.57207010	      0.00000000	      0.00000000
    252.29220581	    980.01392437	    291.49584025	      9.53191092	      0.00000000	      0.00000000
    325.33816528	    971.64542874	    291.53935616	      9.47273215	      0.00000000	      0.00000000
    406.70581055	    962.38481514	    291.59099030	      9.38866421	      0.00000000	      0.00000000
    497.34317017	    952.14497185	    291.66077367	      9.25869089	      0.00000000	      0.00000000
    598.30627441	    940.83259980	    291.76777603	      9.05401191	      0.00000000	      0.00000000
    710.77154541	    928.34881917	    291.94699977	      8.73185464	      0.00000000	      0.00000000
    836.04931641	    914.59022336	    292.23534311	      8.28327806	      0.00000000	      0.00000000
    975.59924316	    899.44940588	    292.62970701	      7.78585870	      0.00000000	      0.00000000
   1131.04724121	    882.81497522	    293.11083165	      7.30817391	      0.00000000	      0.00000000
   1304.20446777	    864.57211494	    293.66653853	      6.86518900	      0.00000000	      0.00000000
   1497.08850098	    844.60415020	    294.29889007	      6.43743395	      0.00000000	      0.00000000
   1711.94665527	    822.79511936	    295.02036874	      5.99939471	      0.00000000	      0.00000000
   1951.28234863	    799.03297615	    295.84552143	      5.53384585	      0.00000000	      0.00000000
   2217.88403320	    773.21332231	    296.78657111	      5.03213349	      0.00000000	      0.00000000
   2514.85815430	    745.24386260	    297.85725634	      4.48867074	      0.00000000	      0.00000000
   2845.66479492	    715.05013281	    299.07368822	      3.90134484	      0.00000000	      0.00000000
   3214.15820312	    682.58129336	    300.43350708	      3.28511434	      0.00000000	      0.00000000
   3624.63183594	    647.81488503	    301.89884391	      2.67734677	      0.00000000	      0.00000000
   4081.86840820	    610.76507354	    303.44145055	      2.10851931	      0.00000000	      0.00000000
   4581.86816406	    572.20158782	    305.05435508	      1.58698200	      0.00000000	      0.00000000
   5081.86816406	    535.59129019	    306.60043155	      1.15106162	      0.00000000	      0.00000000
   5581.86816406	    500.84210549	    308.03018601	      0.81058834	      0.00000000	      0.00000000
   6081.86816406	    467.86780865	    309.27499304	      0.56500920	      0.00000000	      0.00000000
   6581.86816406	    436.58341354	    310.32738204	      0.39116103	      0.00000000	      0.00000000
   7081.86816406	    406.90968864	    311.20566832	      0.26830975	      0.00000000	      0.00000000
   7581.86816406	    378.77362921	    311.92342783	      0.18185692	      0.00000000	      0.00000000
   8081.86816406	    352.10777605	    312.49797020	      0.12173410	      0.00000000	      0.00000000
   8581.86816406	    326.85035985	    312.96155441	      0.08055450	      0.00000000	      0.00000000
   9081.86816406	    302.94528263	    313.35173267	      0.05280405	      0.00000000	      0.00000000
   9581.86816406	    280.34156104	    313.71060359	      0.03417812	      0.00000000	      0.00000000
  10081.86816406	    258.99292185	    314.09085705	      0.02161955	      0.00000000	      0.00000000
  10581.86816406	    238.85849497	    314.58742826	      0.01325303	      0.00000000	      0.00000000
  11081.86816406	    219.90578353	    315.40065744	      0.00794864	      0.00000000	      0.00000000
  11581.86816406	    202.11593024	    316.91341612	      0.00492780	      0.00000000	      0.00000000
  12081.86816406	    185.48750339	    319.67720805	      0.00341728	      0.00000000	      0.00000000
  12581.86816406	    170.03071102	    324.17905568	      0.00276171	      0.00000000	      0.00000000
  13081.86816406	    155.74878901	    330.50381817	      0.00257392	      0.00000000	      0.00000000
  13581.86816406	    142.61902521	    338.31281991	      0.00263492	      0.00000000	      0.00000000
  14081.86816406	    130.58920617	    347.15828608	      0.00284759	      0.00000000	      0.00000000
  14581.86816406	    119.58813036	    356.73142100	      0.00312882	      0.00000000	      0.00000000
  15081.86816406	    109.53813681	    366.89862148	      0.00339840	      0.00000000	      0.00000000
  15581.86816406	    100.36294454	    377.64560804	      0.00358371	      0.00000000	      0.00000000
  16081.86816406	     91.99075051	    388.99963161	      0.00364204	      0.00000000	      0.00000000
  16581.86718750	     84.35414042	    400.92597333	      0.00364184	      0.00000000	      0.00000000
  17081.86718750	     77.38864366	    413.27342280	      0.00363685	      0.00000000	      0.00000000
  17581.86718750	     71.03292375	    425.92011346	      0.00363504	      0.00000000	      0.00000000
  18081.86718750	     65.23121267	    438.98271931	      0.00363579	      0.00000000	      0.00000000
  18581.86718750	     59.93609759	    452.90222375	      0.00363841	      0.00000000	      0.00000000
  19081.86718750	     55.10538780	    467.57834194	      0.00364296	      0.00000000	      0.00000000
  19581.86718750	     50.69629586	    482.38775557	      0.00364963	      0.00000000	      0.00000000
  20081.86718750	     46.66582377	    496.95824057	      0.00365839	      0.00000000	      0.00000000
  20590.05468750	     42.91642962	    511.54717206	      0.00366819	      0.00000000	      0.00000000
  21149.06054688	     39.15579726	    527.68474790	      0.00367724	      0.00000000	      0.00000000
  21763.96679688	     35.41680548	    546.03555850	      0.00368313	      0.00000000	      0.00000000
  22440.36328125	     31.73603811	    567.22230034	      0.00368563	      0.00000000	      0.00000000
  23184.40039062	     28.15171444	    591.56842106	      0.00368633	      0.00000000	      0.00000000
  24002.83984375	     24.70051590	    619.20760884	      0.00368663	      0.00000000	      0.00000000
  24903.12304688	     21.41593425	    650.32613085	      0.00368673	      0.00000000	      0.00000000
  25893.43554688	     18.32855333	    685.59990658	      0.00368675	      0.00000000	      0.00000000
  26982.77929688	     15.46821673	    726.23122739	      0.00368662	      0.00000000	      0.00000000
  10000.00,         64,    1009.32
     25.00000000	   1006.38794304	    291.43199522	      9.93624367	      0.00000000	      0.00000000
     75.00000000	   1000.54343547	    291.38073263	      9.65823172	      0.00000000	      0.00000000
    127.84809875	    994.39148188	    291.41619050	      9.61245639	      0.00000000	      0.00000000
    186.71687317	    987.57110305	    291.45455544	      9.57207010	      0.00000000	      0.00000000
    252.29220581	    980.01392437	    291.49584025	      9.53191092	      0.00000000	      0.00000000
    325.33816528	    971.64542874	    291.53935616	      9.47273215	      0.00000000	      0.00000000
    406.70581055	    962.38481514	    291.59099030	      9.38866421	      0.00000000	      0.00000000
    497.34317017	    952.14497185	    291.66077367	      9.25869089	      0.00000000	      0.00000000
    598.30627441	    940.83259980	    291.76777603	      9.05401191	      0.00000000	      0.00000000
    710.77154541	    928.34881917	    291.94699977	      8.73185464	      0.00000000	      0.00000000
    836.04931641	    914.59022336	    292.23534311	      8.28327806	      0.00000000	      0.00000000
    975.59924316	    899.44940588	    292.62970701	      7.78585870	      0.00000000	      0.00000000
   1131.04724121	    882.81497522	    293.11083165	      7.30817391	      0.00000000	      0.00000000
   1304.20446777	    864.57211494	    293.66653853	      6.86518900	      0.00000000	      0.00000000
   1497.08850098	    844.60415020	    294.29889007	      6.43743395	      0.00000000	      0.00000000
   1711.94665527	    822.79511936	    295.02036874	      5.99939471	      0.00000000	      0.00000000
   1951.28234863	    799.03297615	    295.84552143	      5.53384585	      0.00000000	      0.00000000
   2217.88403320	    773.21332231	    296.78657111	      5.03213349	      0.00000000	      0.00000000
   2514.85815430	    745.24386260	    297.85725634	      4.48867074	      0.00000000	      0.00000000
   2845.66479492	    715.05013281	    299.07368822	      3.90134484	      0.00000000	      0.00000000
   3214.15820312	    682.58129336	    300.43350708	      3.28511434	      0.00000000	      0.00000000
   3624.63183594	    647.81488503	    301.89884391	      2.67734677	      0.00000000	      0.00000000
   4081.86840820	    610.76507354	    303.44145055	      2.10851931	      0.00000000	      0.00000000
   4581.86816406	    572.20158782	    305.05435508	      1.58698200	      0.00000000	      0.00000000
   5081.86816406	    535.59129019	    306.60043155	      1.15106162	      0.00000000	      0.00000000
   5581.86816406	    500.84210549	    308.03018601	      0.81058834	      0.00000000	      0.00000000
   6081.86816406	    467.86780865	    309.27499304	      0.56500920	      0.00000000	      0.00000000
   6581.86816406	    436.58341354	    310.32738204	      0.39116103	      0.00000000	      0.00000000
   7081.86816406	    406.90968864	    311.20566832	      0.26830975	      0.00000000	      0.00000000
   7581.86816406	    378.77362921	    311.92342783	      0.18185692	      0.00000000	      0.00000000
   8081.86816406	    352.10777605	    312.49797020	      0.12173410	      0.00000000	      0.00000000
   8581.86816406	    326.85035985	    312.96155441	      0.08055450	      0.00000000	      0.00000000
   9081.86816406	    302.94528263	    313.35173267	      0.05280405	      0.00000000	      0.00000000
   9581.86816406	    280.34156104	    313.71060359	      0.03417812	      0.00000000	      0.00000000
  10081.86816406	    258.99292185	    314.09085705	      0.02161955	      0.00000000	      0.00000000
  10581.86816406	    238.85849497	    314.58742826	      0.01325303	      0.00000000	      0.00000000
  11081.86816406	    219.90578353	    315.40065744	      0.00794864	      0.00000000	      0.00000000
  11581.86816406	    202.11593024	    316.91341612	      0.00492780	      0.00000000	      0.00000000
  12081.86816406	    185.48750339	    319.67720805	      0.00341728	      0.00000000	      0.00000000
  12581.86816406	    170.03071102	    324.17905568	      0.00276171	      0.00000000	      0.00000000
  13081.86816406	    155.74878901	    330.50381817	      0.00257392	      0.00000000	      0.00000000
  13581.86816406	    142.61902521	    338.31281991	      0.00263492	      0.00000000	      0.00000000
  14081.86816406	    130.58920617	    347.15828608	      0.00284759	      0.00000000	      0.00000000
  14581.86816406	    119.58813036	    356.73142100	      0.00312882	      0.00000000	      0.00000000
  15081.86816406	    109.53813681	    366.89862148	      0.00339840	      0.00000000	      0.00000000
  15581.86816406	    100.36294454	    377.64560804	      0.00358371	      0.00000000	      0.00000000
  16081.86816406	     91.99075051	    388.99963161	      0.00364204	      0.00000000	      0.00000000
  16581.86718750	     84.35414042	    400.92597333	      0.00364184	      0.00000000	      0.00000000
  17081.86718750	     77.38864366	    413.27342280	      0.00363685	      0.00000000	      0.00000000
  17581.86718750	     71.03292375	    425.92011346	      0.00363504	      0.00000000	      0.00000000
  18081.86718750	     65.23121267	    438.98271931	      0.00363579	      0.00000000	      0.00000000
  18581.86718750	     59.93609759	    452.90222375	      0.00363841	      0.00000000	      0.00000000
  19081.86718750	     55.10538780	    467.57834194	      0.00364296	      0.00000000	      0.00000000
  19581.86718750	     50.69629586	    482.38775557	      0.00364963	      0.00000000	      0.00000000
  20081.86718750	     46.66582377	    496.95824057	      0.00365839	      0.00000000	      0.00000000
  20590.05468750	     42.91642962	    511.54717206	      0.00366819	      0.00000000	      0.00000000
  21149.06054688	     39.15579726	    527.68474790	      0.00367724	      0.00000000	      0.00000000
  21763.96679688	     35.41680548	    546.03555850	      0.00368313	      0.00000000	      0.00000000
  22440.36328125	     31.73603811	    567.22230034	      0.00368563	      0.00000000	      0.00000000
  23184.40039062	     28.15171444	    591.56842106	      0.00368633	      0.00000000	      0.00000000
  24002.83984375	     24.70051590	    619.20760884	      0.00368663	      0.00000000	      0.00000000
  24903.12304688	     21.41593425	    650.32613085	      0.00368673	      0.00000000	      0.00000000
  25893.43554688	     18.32855333	    685.59990658	      0.00368675	      0.00000000	      0.00000000
  26982.77929688	     15.46821673	    726.23122739	      0.00368662	      0.00000000	      0.00000000
