      z[m]      p[mb]      tp[K]    q[g/kg]     u[m/s]     v[m/s]
      0.00,         64,    1009.32
     25.00000000	   1006.50657173	    301.84887084	     20.20289548	      0.00000000	      0.00000000
     75.00000000	   1000.89777949	    301.82775395	     19.77886132	      0.00000000	      0.00000000
    127.84809875	    994.99310098	    301.87932428	     19.72109734	      0.00000000	      0.00000000
    186.71687317	    988.44585474	    301.93224640	     19.65351137	      0.00000000	      0.00000000
    252.29220581	    981.18994460	    301.98733770	     19.57653014	      0.00000000	      0.00000000
    325.33816528	    973.15330225	    302.04888092	     19.45638097	      0.00000000	      0.00000000
    406.70581055	    964.25776709	    302.12833661	     19.27800312	      0.00000000	      0.00000000
    497.34317017	    954.41912622	    302.24734526	     18.99328282	      0.00000000	      0.00000000
    598.30627441	    943.54743750	    302.44565533	     18.53739471	      0.00000000	      0.00000000
    710.77154541	    931.54787112	    302.77452264	     17.86227897	      0.00000000	      0.00000000
    836.04931641	    918.32124697	    303.23619931	     17.07069126	      0.00000000	      0.00000000
    975.59924316	    903.76383711	    303.80395165	     16.29121872	      0.00000000	      0.00000000
   1131.04724121	    887.76738792	    304.45901011	     15.56285448	      0.00000000	      0.00000000
   1304.20446777	    870.21993833	    305.20057463	     14.86157769	      0.00000000	      0.00000000
   1497.08850098	    851.00750667	    306.04037350	     14.14789054	      0.00000000	      0.00000000
   1711.94665527	    830.01637485	    306.99243553	     13.39253116	      0.00000000	      0.00000000
   1951.28234863	    807.13572629	    308.06803719	     12.58160923	      0.00000000	      0.00000000
   2217.88403320	    782.26073340	    309.27286342	     11.71474077	      0.00000000	      0.00000000
   2514.85815430	    755.29616921	    310.60762003	     10.80106624	      0.00000000	      0.00000000
   2845.66479492	    726.16136619	    312.08036495	      9.85220625	      0.00000000	      0.00000000
   3214.15820312	    694.79732556	    313.72086563	      8.87548060	      0.00000000	      0.00000000
   3624.63183594	    661.17576750	    315.57682255	      7.87474647	      0.00000000	      0.00000000
   4081.86840820	    625.30956772	    317.68809229	      6.85464354	      0.00000000	      0.00000000
   4581.86816406	    587.94564382	    320.04258889	      5.83766475	      0.00000000	      0.00000000
   5081.86816406	    552.44803921	    322.43181247	      4.91394880	      0.00000000	      0.00000000
   5581.86816406	    518.73633557	    324.83834348	      4.08830678	      0.00000000	      0.00000000
   6081.86816406	    486.73553264	    327.19902981	      3.37264600	      0.00000000	      0.00000000
   6581.86816406	    456.36842798	    329.46533987	      2.75810903	      0.00000000	      0.00000000
   7081.86816406	    427.56000919	    331.65585047	      2.21270933	      0.00000000	      0.00000000
   7581.86816406	    400.24062039	    333.79780853	      1.71830769	      0.00000000	      0.00000000
   8081.86816406	    374.34348250	    335.85226026	      1.29320130	      0.00000000	      0.00000000
   8581.86816406	    349.80082074	    337.73224665	      0.95672305	      0.00000000	      0.00000000
   9081.86816406	    326.54481139	    339.40301280	      0.69996353	      0.00000000	      0.00000000
   9581.86816406	    304.51111980	    340.87160262	      0.50338965	      0.00000000	      0.00000000
  10081.86816406	    283.64011267	    342.14856199	      0.35305126	      0.00000000	      0.00000000
  10581.86816406	    263.87642498	    343.23986511	      0.24178805	      0.00000000	      0.00000000
  11081.86816406	    245.16891898	    344.16892229	      0.16280850	      0.00000000	      0.00000000
  11581.86816406	    227.47129267	    344.98562523	      0.10862434	      0.00000000	      0.00000000
  12081.86816406	    210.74250864	    345.76304263	      0.07212125	      0.00000000	      0.00000000
  12581.86816406	    194.94697227	    346.60317421	      0.04754877	      0.00000000	      0.00000000
  13081.86816406	    180.05468820	    347.64403034	      0.03105335	      0.00000000	      0.00000000
  13581.86816406	    166.04118897	    349.06024878	      0.02018753	      0.00000000	      0.00000000
  14081.86816406	    152.88753049	    351.08867988	      0.01329517	      0.00000000	      0.00000000
  14581.86816406	    140.58102683	    354.08118519	      0.00917562	      0.00000000	      0.00000000
  15081.86816406	    129.11504502	    358.46567588	      0.00696645	      0.00000000	      0.00000000
  15581.86816406	    118.48436904	    364.55595533	      0.00603927	      0.00000000	      0.00000000
  16081.86816406	    108.67606877	    372.33298962	      0.00590027	      0.00000000	      0.00000000
  16581.86718750	     99.66141819	    381.41304425	      0.00619980	      0.00000000	      0.00000000
  17081.86718750	     91.39531209	    391.30740542	      0.00677259	      0.00000000	      0.00000000
  17581.86718750	     83.82413915	    401.78784503	      0.00750553	      0.00000000	      0.00000000
  18081.86718750	     76.89596839	    413.07700328	      0.00834569	      0.00000000	      0.00000000
  18581.86718750	     70.56691861	    425.75698322	      0.00926444	      0.00000000	      0.00000000
  19081.86718750	     64.79677462	    439.78226110	      0.01012760	      0.00000000	      0.00000000
  19581.86718750	     59.54021377	    454.39230709	      0.01068950	      0.00000000	      0.00000000
  20081.86718750	     54.74668292	    468.91523880	      0.01081232	      0.00000000	      0.00000000
  20590.05468750	     50.29759880	    483.33917372	      0.01080786	      0.00000000	      0.00000000
  21149.06054688	     45.84318300	    498.97922560	      0.01078913	      0.00000000	      0.00000000
  21763.96679688	     41.41993040	    516.43288378	      0.01078324	      0.00000000	      0.00000000
  22440.36328125	     37.06915573	    536.35662161	      0.01078561	      0.00000000	      0.00000000
  23184.40039062	     32.83528435	    559.19775410	      0.01078896	      0.00000000	      0.00000000
  24002.83984375	     28.76185813	    585.13840590	      0.01079038	      0.00000000	      0.00000000
  24903.12304688	     24.88908686	    614.43579039	      0.01079030	      0.00000000	      0.00000000
  25893.43554688	     21.25387505	    647.76566414	      0.01079024	      0.00000000	      0.00000000
  26982.77929688	     17.89177109	    686.18338979	      0.01078999	      0.00000000	      0.00000000
  10000.00,         64,    1009.32
     25.00000000	   1006.50657173	    301.84887084	     20.20289548	      0.00000000	      0.00000000
     75.00000000	   1000.89777949	    301.82775395	     19.77886132	      0.00000000	      0.00000000
    127.84809875	    994.99310098	    301.87932428	     19.72109734	      0.00000000	      0.00000000
    186.71687317	    988.44585474	    301.93224640	     19.65351137	      0.00000000	      0.00000000
    252.29220581	    981.18994460	    301.98733770	     19.57653014	      0.00000000	      0.00000000
    325.33816528	    973.15330225	    302.04888092	     19.45638097	      0.00000000	      0.00000000
    406.70581055	    964.25776709	    302.12833661	     19.27800312	      0.00000000	      0.00000000
    497.34317017	    954.41912622	    302.24734526	     18.99328282	      0.00000000	      0.00000000
    598.30627441	    943.54743750	    302.44565533	     18.53739471	      0.00000000	      0.00000000
    710.77154541	    931.54787112	    302.77452264	     17.86227897	      0.00000000	      0.00000000
    836.04931641	    918.32124697	    303.23619931	     17.07069126	      0.00000000	      0.00000000
    975.59924316	    903.76383711	    303.80395165	     16.29121872	      0.00000000	      0.00000000
   1131.04724121	    887.76738792	    304.45901011	     15.56285448	      0.00000000	      0.00000000
   1304.20446777	    870.21993833	    305.20057463	     14.86157769	      0.00000000	      0.00000000
   1497.08850098	    851.00750667	    306.04037350	     14.14789054	      0.00000000	      0.00000000
   1711.94665527	    830.01637485	    306.99243553	     13.39253116	      0.00000000	      0.00000000
   1951.28234863	    807.13572629	    308.06803719	     12.58160923	      0.00000000	      0.00000000
   2217.88403320	    782.26073340	    309.27286342	     11.71474077	      0.00000000	      0.00000000
   2514.85815430	    755.29616921	    310.60762003	     10.80106624	      0.00000000	      0.00000000
   2845.66479492	    726.16136619	    312.08036495	      9.85220625	      0.00000000	      0.00000000
   3214.15820312	    694.79732556	    313.72086563	      8.87548060	      0.00000000	      0.00000000
   3624.63183594	    661.17576750	    315.57682255	      7.87474647	      0.00000000	      0.00000000
   4081.86840820	    625.30956772	    317.68809229	      6.85464354	      0.00000000	      0.00000000
   4581.86816406	    587.94564382	    320.04258889	      5.83766475	      0.00000000	      0.00000000
   5081.86816406	    552.44803921	    322.43181247	      4.91394880	      0.00000000	      0.00000000
   5581.86816406	    518.73633557	    324.83834348	      4.08830678	      0.00000000	      0.00000000
   6081.86816406	    486.73553264	    327.19902981	      3.37264600	      0.00000000	      0.00000000
   6581.86816406	    456.36842798	    329.46533987	      2.75810903	      0.00000000	      0.00000000
   7081.86816406	    427.56000919	    331.65585047	      2.21270933	      0.00000000	      0.00000000
   7581.86816406	    400.24062039	    333.79780853	      1.71830769	      0.00000000	      0.00000000
   8081.86816406	    374.34348250	    335.85226026	      1.29320130	      0.00000000	      0.00000000
   8581.86816406	    349.80082074	    337.73224665	      0.95672305	      0.00000000	      0.00000000
   9081.86816406	    326.54481139	    339.40301280	      0.69996353	      0.00000000	      0.00000000
   9581.86816406	    304.51111980	    340.87160262	      0.50338965	      0.00000000	      0.00000000
  10081.86816406	    283.64011267	    342.14856199	      0.35305126	      0.00000000	      0.00000000
  10581.86816406	    263.87642498	    343.23986511	      0.24178805	      0.00000000	      0.00000000
  11081.86816406	    245.16891898	    344.16892229	      0.16280850	      0.00000000	      0.00000000
  11581.86816406	    227.47129267	    344.98562523	      0.10862434	      0.00000000	      0.00000000
  12081.86816406	    210.74250864	    345.76304263	      0.07212125	      0.00000000	      0.00000000
  12581.86816406	    194.94697227	    346.60317421	      0.04754877	      0.00000000	      0.00000000
  13081.86816406	    180.05468820	    347.64403034	      0.03105335	      0.00000000	      0.00000000
  13581.86816406	    166.04118897	    349.06024878	      0.02018753	      0.00000000	      0.00000000
  14081.86816406	    152.88753049	    351.08867988	      0.01329517	      0.00000000	      0.00000000
  14581.86816406	    140.58102683	    354.08118519	      0.00917562	      0.00000000	      0.00000000
  15081.86816406	    129.11504502	    358.46567588	      0.00696645	      0.00000000	      0.00000000
  15581.86816406	    118.48436904	    364.55595533	      0.00603927	      0.00000000	      0.00000000
  16081.86816406	    108.67606877	    372.33298962	      0.00590027	      0.00000000	      0.00000000
  16581.86718750	     99.66141819	    381.41304425	      0.00619980	      0.00000000	      0.00000000
  17081.86718750	     91.39531209	    391.30740542	      0.00677259	      0.00000000	      0.00000000
  17581.86718750	     83.82413915	    401.78784503	      0.00750553	      0.00000000	      0.00000000
  18081.86718750	     76.89596839	    413.07700328	      0.00834569	      0.00000000	      0.00000000
  18581.86718750	     70.56691861	    425.75698322	      0.00926444	      0.00000000	      0.00000000
  19081.86718750	     64.79677462	    439.78226110	      0.01012760	      0.00000000	      0.00000000
  19581.86718750	     59.54021377	    454.39230709	      0.01068950	      0.00000000	      0.00000000
  20081.86718750	     54.74668292	    468.91523880	      0.01081232	      0.00000000	      0.00000000
  20590.05468750	     50.29759880	    483.33917372	      0.01080786	      0.00000000	      0.00000000
  21149.06054688	     45.84318300	    498.97922560	      0.01078913	      0.00000000	      0.00000000
  21763.96679688	     41.41993040	    516.43288378	      0.01078324	      0.00000000	      0.00000000
  22440.36328125	     37.06915573	    536.35662161	      0.01078561	      0.00000000	      0.00000000
  23184.40039062	     32.83528435	    559.19775410	      0.01078896	      0.00000000	      0.00000000
  24002.83984375	     28.76185813	    585.13840590	      0.01079038	      0.00000000	      0.00000000
  24903.12304688	     24.88908686	    614.43579039	      0.01079030	      0.00000000	      0.00000000
  25893.43554688	     21.25387505	    647.76566414	      0.01079024	      0.00000000	      0.00000000
  26982.77929688	     17.89177109	    686.18338979	      0.01078999	      0.00000000	      0.00000000
