      z[m]      p[mb]      tp[K]    q[g/kg]     u[m/s]     v[m/s]
      0.00,         64,    1009.32
     25.00000000	   1006.46610066	    298.30662469	     16.08159656	      0.00000000	      0.00000000
     75.00000000	   1000.77687446	    298.27238197	     15.71626614	      0.00000000	      0.00000000
    127.84809875	    994.78777091	    298.31622525	     15.65822764	      0.00000000	      0.00000000
    186.71687317	    988.14719105	    298.36139622	     15.59600643	      0.00000000	      0.00000000
    252.29220581	    980.78824613	    298.40943995	     15.52942600	      0.00000000	      0.00000000
    325.33816528	    972.63802753	    298.46270189	     15.43019372	      0.00000000	      0.00000000
    406.70581055	    963.61748107	    298.53114011	     15.28631525	      0.00000000	      0.00000000
    497.34317017	    953.64143451	    298.63329334	     15.05793118	      0.00000000	      0.00000000
    598.30627441	    942.61890208	    298.80429537	     14.69049626	      0.00000000	      0.00000000
    710.77154541	    930.45394998	    299.09507437	     14.13323047	      0.00000000	      0.00000000
    836.04931641	    917.04635731	    299.51650644	     13.45801996	      0.00000000	      0.00000000
    975.59924316	    902.29143041	    300.04282857	     12.78091748	      0.00000000	      0.00000000
   1131.04724121	    886.07991492	    300.65292093	     12.14353501	      0.00000000	      0.00000000
   1304.20446777	    868.29879884	    301.34219000	     11.52879261	      0.00000000	      0.00000000
   1497.08850098	    848.83297595	    302.11752921	     10.90503286	      0.00000000	      0.00000000
   1711.94665527	    827.56745184	    302.98571590	     10.25287123	      0.00000000	      0.00000000
   1951.28234863	    804.38989275	    303.95050126	      9.56978478	      0.00000000	      0.00000000
   2217.88403320	    779.19413933	    305.02187619	      8.85991254	      0.00000000	      0.00000000
   2514.85815430	    751.88523602	    306.22607733	      8.12294326	      0.00000000	      0.00000000
   2845.66479492	    722.38572261	    307.59655552	      7.35174791	      0.00000000	      0.00000000
   3214.15820312	    690.64173171	    309.15348515	      6.54271730	      0.00000000	      0.00000000
   3624.63183594	    656.62948372	    310.91234156	      5.69842701	      0.00000000	      0.00000000
   4081.86840820	    620.36543708	    312.90024900	      4.82395809	      0.00000000	      0.00000000
   4581.86816406	    582.60734634	    315.09399178	      3.95346289	      0.00000000	      0.00000000
   5081.86816406	    546.75065897	    317.23217970	      3.20052251	      0.00000000	      0.00000000
   5581.86816406	    512.70362231	    319.26433657	      2.57030117	      0.00000000	      0.00000000
   6081.86816406	    480.38458288	    321.21674007	      2.02976138	      0.00000000	      0.00000000
   6581.86816406	    449.71815534	    323.11789756	      1.55295630	      0.00000000	      0.00000000
   7081.86816406	    420.63185868	    324.92891408	      1.14936087	      0.00000000	      0.00000000
   7581.86816406	    393.05177767	    326.56653747	      0.83423562	      0.00000000	      0.00000000
   8081.86816406	    366.90383002	    327.99851852	      0.59860862	      0.00000000	      0.00000000
   8581.86816406	    342.11784387	    329.23489662	      0.42334138	      0.00000000	      0.00000000
   9081.86816406	    318.62895300	    330.28926174	      0.29299989	      0.00000000	      0.00000000
   9581.86816406	    296.37700513	    331.16898559	      0.19851622	      0.00000000	      0.00000000
  10081.86816406	    275.30645423	    331.89835221	      0.13231400	      0.00000000	      0.00000000
  10581.86816406	    255.36694461	    332.52292723	      0.08723124	      0.00000000	      0.00000000
  11081.86816406	    236.51361006	    333.10662620	      0.05700024	      0.00000000	      0.00000000
  11581.86816406	    218.70706145	    333.73318347	      0.03678362	      0.00000000	      0.00000000
  12081.86816406	    201.91349816	    334.51914130	      0.02340720	      0.00000000	      0.00000000
  12581.86816406	    186.10535653	    335.63957809	      0.01478324	      0.00000000	      0.00000000
  13081.86816406	    171.26231106	    337.35047095	      0.00946250	      0.00000000	      0.00000000
  13581.86816406	    157.37248995	    340.02998022	      0.00638196	      0.00000000	      0.00000000
  14081.86816406	    144.43187057	    344.12499769	      0.00478241	      0.00000000	      0.00000000
  14581.86816406	    132.43815558	    349.95757266	      0.00414024	      0.00000000	      0.00000000
  15081.86816406	    121.38008064	    357.54723713	      0.00406846	      0.00000000	      0.00000000
  15581.86816406	    111.22888865	    366.61566474	      0.00434586	      0.00000000	      0.00000000
  16081.86816406	    101.93721531	    376.73566509	      0.00486759	      0.00000000	      0.00000000
  16581.86718750	     93.44453732	    387.50023410	      0.00551017	      0.00000000	      0.00000000
  17081.86718750	     85.68512513	    398.65967205	      0.00616549	      0.00000000	      0.00000000
  17581.86718750	     78.59530537	    410.18922511	      0.00673143	      0.00000000	      0.00000000
  18081.86718750	     72.11881893	    422.40974429	      0.00709625	      0.00000000	      0.00000000
  18581.86718750	     66.20941346	    435.90139916	      0.00718883	      0.00000000	      0.00000000
  19081.86718750	     60.82536724	    450.59085647	      0.00718660	      0.00000000	      0.00000000
  19581.86718750	     55.92108870	    465.66431344	      0.00717493	      0.00000000	      0.00000000
  20081.86718750	     51.44708837	    480.44181602	      0.00716997	      0.00000000	      0.00000000
  20590.05468750	     47.29148906	    494.97473052	      0.00716974	      0.00000000	      0.00000000
  21149.06054688	     43.12702007	    510.68399619	      0.00717118	      0.00000000	      0.00000000
  21763.96679688	     38.98767312	    528.25839577	      0.00717294	      0.00000000	      0.00000000
  22440.36328125	     34.91245232	    548.38555495	      0.00717419	      0.00000000	      0.00000000
  23184.40039062	     30.94357633	    571.57357365	      0.00717461	      0.00000000	      0.00000000
  24002.83984375	     27.12277679	    598.07199199	      0.00717472	      0.00000000	      0.00000000
  24903.12304688	     23.48867134	    628.14743389	      0.00717473	      0.00000000	      0.00000000
  25893.43554688	     20.07624695	    662.39029774	      0.00717474	      0.00000000	      0.00000000
  26982.77929688	     16.91874221	    701.84943877	      0.00717470	      0.00000000	      0.00000000
  10000.00,         64,    1009.32
     25.00000000	   1006.46610066	    298.30662469	     16.08159656	      0.00000000	      0.00000000
     75.00000000	   1000.77687446	    298.27238197	     15.71626614	      0.00000000	      0.00000000
    127.84809875	    994.78777091	    298.31622525	     15.65822764	      0.00000000	      0.00000000
    186.71687317	    988.14719105	    298.36139622	     15.59600643	      0.00000000	      0.00000000
    252.29220581	    980.78824613	    298.40943995	     15.52942600	      0.00000000	      0.00000000
    325.33816528	    972.63802753	    298.46270189	     15.43019372	      0.00000000	      0.00000000
    406.70581055	    963.61748107	    298.53114011	     15.28631525	      0.00000000	      0.00000000
    497.34317017	    953.64143451	    298.63329334	     15.05793118	      0.00000000	      0.00000000
    598.30627441	    942.61890208	    298.80429537	     14.69049626	      0.00000000	      0.00000000
    710.77154541	    930.45394998	    299.09507437	     14.13323047	      0.00000000	      0.00000000
    836.04931641	    917.04635731	    299.51650644	     13.45801996	      0.00000000	      0.00000000
    975.59924316	    902.29143041	    300.04282857	     12.78091748	      0.00000000	      0.00000000
   1131.04724121	    886.07991492	    300.65292093	     12.14353501	      0.00000000	      0.00000000
   1304.20446777	    868.29879884	    301.34219000	     11.52879261	      0.00000000	      0.00000000
   1497.08850098	    848.83297595	    302.11752921	     10.90503286	      0.00000000	      0.00000000
   1711.94665527	    827.56745184	    302.98571590	     10.25287123	      0.00000000	      0.00000000
   1951.28234863	    804.38989275	    303.95050126	      9.56978478	      0.00000000	      0.00000000
   2217.88403320	    779.19413933	    305.02187619	      8.85991254	      0.00000000	      0.00000000
   2514.85815430	    751.88523602	    306.22607733	      8.12294326	      0.00000000	      0.00000000
   2845.66479492	    722.38572261	    307.59655552	      7.35174791	      0.00000000	      0.00000000
   3214.15820312	    690.64173171	    309.15348515	      6.54271730	      0.00000000	      0.00000000
   3624.63183594	    656.62948372	    310.91234156	      5.69842701	      0.00000000	      0.00000000
   4081.86840820	    620.36543708	    312.90024900	      4.82395809	      0.00000000	      0.00000000
   4581.86816406	    582.60734634	    315.09399178	      3.95346289	      0.00000000	      0.00000000
   5081.86816406	    546.75065897	    317.23217970	      3.20052251	      0.00000000	      0.00000000
   5581.86816406	    512.70362231	    319.26433657	      2.57030117	      0.00000000	      0.00000000
   6081.86816406	    480.38458288	    321.21674007	      2.02976138	      0.00000000	      0.00000000
   6581.86816406	    449.71815534	    323.11789756	      1.55295630	      0.00000000	      0.00000000
   7081.86816406	    420.63185868	    324.92891408	      1.14936087	      0.00000000	      0.00000000
   7581.86816406	    393.05177767	    326.56653747	      0.83423562	      0.00000000	      0.00000000
   8081.86816406	    366.90383002	    327.99851852	      0.59860862	      0.00000000	      0.00000000
   8581.86816406	    342.11784387	    329.23489662	      0.42334138	      0.00000000	      0.00000000
   9081.86816406	    318.62895300	    330.28926174	      0.29299989	      0.00000000	      0.00000000
   9581.86816406	    296.37700513	    331.16898559	      0.19851622	      0.00000000	      0.00000000
  10081.86816406	    275.30645423	    331.89835221	      0.13231400	      0.00000000	      0.00000000
  10581.86816406	    255.36694461	    332.52292723	      0.08723124	      0.00000000	      0.00000000
  11081.86816406	    236.51361006	    333.10662620	      0.05700024	      0.00000000	      0.00000000
  11581.86816406	    218.70706145	    333.73318347	      0.03678362	      0.00000000	      0.00000000
  12081.86816406	    201.91349816	    334.51914130	      0.02340720	      0.00000000	      0.00000000
  12581.86816406	    186.10535653	    335.63957809	      0.01478324	      0.00000000	      0.00000000
  13081.86816406	    171.26231106	    337.35047095	      0.00946250	      0.00000000	      0.00000000
  13581.86816406	    157.37248995	    340.02998022	      0.00638196	      0.00000000	      0.00000000
  14081.86816406	    144.43187057	    344.12499769	      0.00478241	      0.00000000	      0.00000000
  14581.86816406	    132.43815558	    349.95757266	      0.00414024	      0.00000000	      0.00000000
  15081.86816406	    121.38008064	    357.54723713	      0.00406846	      0.00000000	      0.00000000
  15581.86816406	    111.22888865	    366.61566474	      0.00434586	      0.00000000	      0.00000000
  16081.86816406	    101.93721531	    376.73566509	      0.00486759	      0.00000000	      0.00000000
  16581.86718750	     93.44453732	    387.50023410	      0.00551017	      0.00000000	      0.00000000
  17081.86718750	     85.68512513	    398.65967205	      0.00616549	      0.00000000	      0.00000000
  17581.86718750	     78.59530537	    410.18922511	      0.00673143	      0.00000000	      0.00000000
  18081.86718750	     72.11881893	    422.40974429	      0.00709625	      0.00000000	      0.00000000
  18581.86718750	     66.20941346	    435.90139916	      0.00718883	      0.00000000	      0.00000000
  19081.86718750	     60.82536724	    450.59085647	      0.00718660	      0.00000000	      0.00000000
  19581.86718750	     55.92108870	    465.66431344	      0.00717493	      0.00000000	      0.00000000
  20081.86718750	     51.44708837	    480.44181602	      0.00716997	      0.00000000	      0.00000000
  20590.05468750	     47.29148906	    494.97473052	      0.00716974	      0.00000000	      0.00000000
  21149.06054688	     43.12702007	    510.68399619	      0.00717118	      0.00000000	      0.00000000
  21763.96679688	     38.98767312	    528.25839577	      0.00717294	      0.00000000	      0.00000000
  22440.36328125	     34.91245232	    548.38555495	      0.00717419	      0.00000000	      0.00000000
  23184.40039062	     30.94357633	    571.57357365	      0.00717461	      0.00000000	      0.00000000
  24002.83984375	     27.12277679	    598.07199199	      0.00717472	      0.00000000	      0.00000000
  24903.12304688	     23.48867134	    628.14743389	      0.00717473	      0.00000000	      0.00000000
  25893.43554688	     20.07624695	    662.39029774	      0.00717474	      0.00000000	      0.00000000
  26982.77929688	     16.91874221	    701.84943877	      0.00717470	      0.00000000	      0.00000000
