      z[m]      p[mb]      tp[K]    q[g/kg]     u[m/s]     v[m/s]
      0.00,         64,    1009.32
     25.00000000	   1006.44824606	    296.63027286	     14.52365624	      0.00000000	      0.00000000
     75.00000000	   1000.72317780	    296.57032586	     14.08711733	      0.00000000	      0.00000000
    127.84809875	    994.69597755	    296.60848011	     13.98553937	      0.00000000	      0.00000000
    186.71687317	    988.01323096	    296.65708143	     13.91467922	      0.00000000	      0.00000000
    252.29220581	    980.60788681	    296.71064268	     13.84084080	      0.00000000	      0.00000000
    325.33816528	    972.40675142	    296.77172971	     13.73868235	      0.00000000	      0.00000000
    406.70581055	    963.33048178	    296.84903751	     13.59386291	      0.00000000	      0.00000000
    497.34317017	    953.29359947	    296.95978405	     13.37196614	      0.00000000	      0.00000000
    598.30627441	    942.20479365	    297.13503541	     13.02979601	      0.00000000	      0.00000000
    710.77154541	    929.96770786	    297.41982788	     12.52615732	      0.00000000	      0.00000000
    836.04931641	    916.48157694	    297.82658947	     11.91417180	      0.00000000	      0.00000000
    975.59924316	    901.64114574	    298.33770106	     11.27941356	      0.00000000	      0.00000000
   1131.04724121	    885.33678706	    298.93762439	     10.66214956	      0.00000000	      0.00000000
   1304.20446777	    867.45528281	    299.61648620	     10.06885648	      0.00000000	      0.00000000
   1497.08850098	    847.88119624	    300.37083997	      9.49053974	      0.00000000	      0.00000000
   1711.94665527	    826.49896071	    301.20316466	      8.91435318	      0.00000000	      0.00000000
   1951.28234863	    803.19580654	    302.12407343	      8.32918731	      0.00000000	      0.00000000
   2217.88403320	    777.86584592	    303.15494243	      7.72582937	      0.00000000	      0.00000000
   2514.85815430	    750.41506233	    304.32302886	      7.09359926	      0.00000000	      0.00000000
   2845.66479492	    720.76681243	    305.65114226	      6.42107979	      0.00000000	      0.00000000
   3214.15820312	    688.86793347	    307.16123529	      5.69854954	      0.00000000	      0.00000000
   3624.63183594	    654.69621879	    308.87734882	      4.92261460	      0.00000000	      0.00000000
   4081.86840820	    618.27015502	    310.81435480	      4.10882143	      0.00000000	      0.00000000
   4581.86816406	    580.35000646	    312.90356283	      3.31553078	      0.00000000	      0.00000000
   5081.86816406	    544.34155863	    314.88972700	      2.63982003	      0.00000000	      0.00000000
   5581.86816406	    510.15181029	    316.79244275	      2.06028833	      0.00000000	      0.00000000
   6081.86816406	    477.70125469	    318.63217111	      1.55826108	      0.00000000	      0.00000000
   6581.86816406	    446.91294122	    320.36495682	      1.13890262	      0.00000000	      0.00000000
   7081.86816406	    417.70884128	    321.92103481	      0.81465011	      0.00000000	      0.00000000
   7581.86816406	    390.01156593	    323.27353030	      0.57794609	      0.00000000	      0.00000000
   8081.86816406	    363.74817680	    324.43719927	      0.40721992	      0.00000000	      0.00000000
   8581.86816406	    338.85143180	    325.42797258	      0.28326218	      0.00000000	      0.00000000
   9081.86816406	    315.25893092	    326.25295137	      0.19373976	      0.00000000	      0.00000000
   9581.86816406	    292.91281927	    326.93212393	      0.13038828	      0.00000000	      0.00000000
  10081.86816406	    271.76042133	    327.50777153	      0.08671153	      0.00000000	      0.00000000
  10581.86816406	    251.75461502	    328.03813214	      0.05708129	      0.00000000	      0.00000000
  11081.86816406	    232.85374567	    328.59801501	      0.03694515	      0.00000000	      0.00000000
  11581.86816406	    215.02135582	    329.27899334	      0.02333995	      0.00000000	      0.00000000
  12081.86816406	    198.22633488	    330.21391692	      0.01444738	      0.00000000	      0.00000000
  12581.86816406	    182.44381161	    331.60292456	      0.00895839	      0.00000000	      0.00000000
  13081.86816406	    167.65650969	    333.74883612	      0.00578217	      0.00000000	      0.00000000
  13581.86816406	    153.85563715	    337.06791946	      0.00407696	      0.00000000	      0.00000000
  14081.86816406	    141.03859162	    342.00109764	      0.00328516	      0.00000000	      0.00000000
  14581.86816406	    129.20094267	    348.80987832	      0.00307792	      0.00000000	      0.00000000
  15081.86816406	    118.32512141	    357.41297411	      0.00321700	      0.00000000	      0.00000000
  15581.86816406	    108.37319420	    367.43328860	      0.00359582	      0.00000000	      0.00000000
  16081.86816406	     99.28819738	    378.38417298	      0.00411612	      0.00000000	      0.00000000
  16581.86718750	     91.00169162	    389.85191395	      0.00469768	      0.00000000	      0.00000000
  17081.86718750	     83.44214932	    401.56812326	      0.00527624	      0.00000000	      0.00000000
  17581.86718750	     76.54131403	    413.44333932	      0.00577636	      0.00000000	      0.00000000
  18081.86718750	     70.23891544	    425.72305159	      0.00609135	      0.00000000	      0.00000000
  18581.86718750	     64.48731261	    439.24267529	      0.00614427	      0.00000000	      0.00000000
  19081.86718750	     59.24726505	    454.20965359	      0.00613139	      0.00000000	      0.00000000
  19581.86718750	     54.47628061	    469.71686099	      0.00608558	      0.00000000	      0.00000000
  20081.86718750	     50.12527263	    484.70264786	      0.00600911	      0.00000000	      0.00000000
  20590.05468750	     46.08204201	    498.91789152	      0.00588484	      0.00000000	      0.00000000
  21149.06054688	     42.02532198	    514.03752568	      0.00564929	      0.00000000	      0.00000000
  21763.96679688	     37.98994858	    531.64069058	      0.00519371	      0.00000000	      0.00000000
  22440.36328125	     34.02170182	    553.29013372	      0.00439872	      0.00000000	      0.00000000
  23184.40039062	     30.17127301	    579.77916647	      0.00323525	      0.00000000	      0.00000000
  24002.83984375	     26.48553479	    611.23152212	      0.00186715	      0.00000000	      0.00000000
  24903.12304688	     23.00355804	    647.88056285	      0.00065818	      0.00000000	      0.00000000
  25893.43554688	     19.75773881	    690.71417151	      0.00000840	      0.00000000	      0.00000000
  26982.77929688	     16.77418368	    739.99176970	      0.00000000	      0.00000000	      0.00000000
  10000.00,         64,    1009.32
     25.00000000	   1006.44824606	    296.63027286	     14.52365624	      0.00000000	      0.00000000
     75.00000000	   1000.72317780	    296.57032586	     14.08711733	      0.00000000	      0.00000000
    127.84809875	    994.69597755	    296.60848011	     13.98553937	      0.00000000	      0.00000000
    186.71687317	    988.01323096	    296.65708143	     13.91467922	      0.00000000	      0.00000000
    252.29220581	    980.60788681	    296.71064268	     13.84084080	      0.00000000	      0.00000000
    325.33816528	    972.40675142	    296.77172971	     13.73868235	      0.00000000	      0.00000000
    406.70581055	    963.33048178	    296.84903751	     13.59386291	      0.00000000	      0.00000000
    497.34317017	    953.29359947	    296.95978405	     13.37196614	      0.00000000	      0.00000000
    598.30627441	    942.20479365	    297.13503541	     13.02979601	      0.00000000	      0.00000000
    710.77154541	    929.96770786	    297.41982788	     12.52615732	      0.00000000	      0.00000000
    836.04931641	    916.48157694	    297.82658947	     11.91417180	      0.00000000	      0.00000000
    975.59924316	    901.64114574	    298.33770106	     11.27941356	      0.00000000	      0.00000000
   1131.04724121	    885.33678706	    298.93762439	     10.66214956	      0.00000000	      0.00000000
   1304.20446777	    867.45528281	    299.61648620	     10.06885648	      0.00000000	      0.00000000
   1497.08850098	    847.88119624	    300.37083997	      9.49053974	      0.00000000	      0.00000000
   1711.94665527	    826.49896071	    301.20316466	      8.91435318	      0.00000000	      0.00000000
   1951.28234863	    803.19580654	    302.12407343	      8.32918731	      0.00000000	      0.00000000
   2217.88403320	    777.86584592	    303.15494243	      7.72582937	      0.00000000	      0.00000000
   2514.85815430	    750.41506233	    304.32302886	      7.09359926	      0.00000000	      0.00000000
   2845.66479492	    720.76681243	    305.65114226	      6.42107979	      0.00000000	      0.00000000
   3214.15820312	    688.86793347	    307.16123529	      5.69854954	      0.00000000	      0.00000000
   3624.63183594	    654.69621879	    308.87734882	      4.92261460	      0.00000000	      0.00000000
   4081.86840820	    618.27015502	    310.81435480	      4.10882143	      0.00000000	      0.00000000
   4581.86816406	    580.35000646	    312.90356283	      3.31553078	      0.00000000	      0.00000000
   5081.86816406	    544.34155863	    314.88972700	      2.63982003	      0.00000000	      0.00000000
   5581.86816406	    510.15181029	    316.79244275	      2.06028833	      0.00000000	      0.00000000
   6081.86816406	    477.70125469	    318.63217111	      1.55826108	      0.00000000	      0.00000000
   6581.86816406	    446.91294122	    320.36495682	      1.13890262	      0.00000000	      0.00000000
   7081.86816406	    417.70884128	    321.92103481	      0.81465011	      0.00000000	      0.00000000
   7581.86816406	    390.01156593	    323.27353030	      0.57794609	      0.00000000	      0.00000000
   8081.86816406	    363.74817680	    324.43719927	      0.40721992	      0.00000000	      0.00000000
   8581.86816406	    338.85143180	    325.42797258	      0.28326218	      0.00000000	      0.00000000
   9081.86816406	    315.25893092	    326.25295137	      0.19373976	      0.00000000	      0.00000000
   9581.86816406	    292.91281927	    326.93212393	      0.13038828	      0.00000000	      0.00000000
  10081.86816406	    271.76042133	    327.50777153	      0.08671153	      0.00000000	      0.00000000
  10581.86816406	    251.75461502	    328.03813214	      0.05708129	      0.00000000	      0.00000000
  11081.86816406	    232.85374567	    328.59801501	      0.03694515	      0.00000000	      0.00000000
  11581.86816406	    215.02135582	    329.27899334	      0.02333995	      0.00000000	      0.00000000
  12081.86816406	    198.22633488	    330.21391692	      0.01444738	      0.00000000	      0.00000000
  12581.86816406	    182.44381161	    331.60292456	      0.00895839	      0.00000000	      0.00000000
  13081.86816406	    167.65650969	    333.74883612	      0.00578217	      0.00000000	      0.00000000
  13581.86816406	    153.85563715	    337.06791946	      0.00407696	      0.00000000	      0.00000000
  14081.86816406	    141.03859162	    342.00109764	      0.00328516	      0.00000000	      0.00000000
  14581.86816406	    129.20094267	    348.80987832	      0.00307792	      0.00000000	      0.00000000
  15081.86816406	    118.32512141	    357.41297411	      0.00321700	      0.00000000	      0.00000000
  15581.86816406	    108.37319420	    367.43328860	      0.00359582	      0.00000000	      0.00000000
  16081.86816406	     99.28819738	    378.38417298	      0.00411612	      0.00000000	      0.00000000
  16581.86718750	     91.00169162	    389.85191395	      0.00469768	      0.00000000	      0.00000000
  17081.86718750	     83.44214932	    401.56812326	      0.00527624	      0.00000000	      0.00000000
  17581.86718750	     76.54131403	    413.44333932	      0.00577636	      0.00000000	      0.00000000
  18081.86718750	     70.23891544	    425.72305159	      0.00609135	      0.00000000	      0.00000000
  18581.86718750	     64.48731261	    439.24267529	      0.00614427	      0.00000000	      0.00000000
  19081.86718750	     59.24726505	    454.20965359	      0.00613139	      0.00000000	      0.00000000
  19581.86718750	     54.47628061	    469.71686099	      0.00608558	      0.00000000	      0.00000000
  20081.86718750	     50.12527263	    484.70264786	      0.00600911	      0.00000000	      0.00000000
  20590.05468750	     46.08204201	    498.91789152	      0.00588484	      0.00000000	      0.00000000
  21149.06054688	     42.02532198	    514.03752568	      0.00564929	      0.00000000	      0.00000000
  21763.96679688	     37.98994858	    531.64069058	      0.00519371	      0.00000000	      0.00000000
  22440.36328125	     34.02170182	    553.29013372	      0.00439872	      0.00000000	      0.00000000
  23184.40039062	     30.17127301	    579.77916647	      0.00323525	      0.00000000	      0.00000000
  24002.83984375	     26.48553479	    611.23152212	      0.00186715	      0.00000000	      0.00000000
  24903.12304688	     23.00355804	    647.88056285	      0.00065818	      0.00000000	      0.00000000
  25893.43554688	     19.75773881	    690.71417151	      0.00000840	      0.00000000	      0.00000000
  26982.77929688	     16.77418368	    739.99176970	      0.00000000	      0.00000000	      0.00000000
