      z[m]      p[mb]      tp[K]    q[g/kg]     u[m/s]     v[m/s]
      0.00,         64,    1009.32
     25.00000000	   1006.38796093	    291.43344538	      9.93782446	      0.00000000	      0.00000000
     75.00000000	   1000.54348761	    291.38222854	      9.65980780	      0.00000000	      0.00000000
    127.84809875	    994.39157102	    291.41768081	      9.61396915	      0.00000000	      0.00000000
    186.71687317	    987.57123273	    291.45603203	      9.57354709	      0.00000000	      0.00000000
    252.29220581	    980.01409834	    291.49729640	      9.53335659	      0.00000000	      0.00000000
    325.33816528	    971.64564984	    291.54079321	      9.47414920	      0.00000000	      0.00000000
    406.70581055	    962.38508799	    291.59241012	      9.39004849	      0.00000000	      0.00000000
    497.34317017	    952.14530088	    291.66218698	      9.26001578	      0.00000000	      0.00000000
    598.30627441	    940.83298927	    291.76921548	      9.05520651	      0.00000000	      0.00000000
    710.77154541	    928.34927642	    291.94854226	      8.73276518	      0.00000000	      0.00000000
    836.04931641	    914.59075808	    292.23706017	      8.28382030	      0.00000000	      0.00000000
    975.59924316	    899.45003070	    292.63156103	      7.78618327	      0.00000000	      0.00000000
   1131.04724121	    882.81570120	    293.11275810	      7.30841836	      0.00000000	      0.00000000
   1304.20446777	    864.57295221	    293.66847814	      6.86546583	      0.00000000	      0.00000000
   1497.08850098	    844.60510758	    294.30081550	      6.43779274	      0.00000000	      0.00000000
   1711.94665527	    822.79620488	    295.02228245	      5.99981038	      0.00000000	      0.00000000
   1951.28234863	    799.03419971	    295.84747924	      5.53426998	      0.00000000	      0.00000000
   2217.88403320	    773.21469581	    296.78863056	      5.03252843	      0.00000000	      0.00000000
   2514.85815430	    745.24540444	    297.85943770	      4.48905623	      0.00000000	      0.00000000
   2845.66479492	    715.05185972	    299.07595982	      3.90180512	      0.00000000	      0.00000000
   3214.15820312	    682.58321885	    300.43581723	      3.28579143	      0.00000000	      0.00000000
   3624.63183594	    647.81701860	    301.90113922	      2.67834266	      0.00000000	      0.00000000
   4081.86840820	    610.76741656	    303.44371103	      2.10971485	      0.00000000	      0.00000000
   4581.86816406	    572.20413754	    305.05671957	      1.58814145	      0.00000000	      0.00000000
   5081.86816406	    535.59404410	    306.60319199	      1.15193143	      0.00000000	      0.00000000
   5581.86816406	    500.84508464	    308.03356733	      0.81110655	      0.00000000	      0.00000000
   6081.86816406	    467.87103829	    309.27898386	      0.56524782	      0.00000000	      0.00000000
   6581.86816406	    436.58690527	    310.33181181	      0.39123816	      0.00000000	      0.00000000
   7081.86816406	    406.91343022	    311.21026801	      0.26832081	      0.00000000	      0.00000000
   7581.86816406	    378.77758369	    311.92790202	      0.18187594	      0.00000000	      0.00000000
   8081.86816406	    352.11188964	    312.50213363	      0.12179761	      0.00000000	      0.00000000
   8581.86816406	    326.85457685	    312.96540674	      0.08063942	      0.00000000	      0.00000000
   9081.86816406	    302.94955620	    313.35537181	      0.05287540	      0.00000000	      0.00000000
   9581.86816406	    280.34585536	    313.71408963	      0.03421711	      0.00000000	      0.00000000
  10081.86816406	    258.99720419	    314.09414964	      0.02163141	      0.00000000	      0.00000000
  10581.86816406	    238.86273082	    314.59037577	      0.01325265	      0.00000000	      0.00000000
  11081.86816406	    219.90993124	    315.40301672	      0.00794645	      0.00000000	      0.00000000
  11581.86816406	    202.11993473	    316.91470649	      0.00492680	      0.00000000	      0.00000000
  12081.86816406	    185.49129463	    319.67692257	      0.00341685	      0.00000000	      0.00000000
  12581.86816406	    170.03423476	    324.17766727	      0.00276142	      0.00000000	      0.00000000
  13081.86816406	    155.75206172	    330.50346813	      0.00257394	      0.00000000	      0.00000000
  13581.86816406	    142.62215280	    338.31605776	      0.00263573	      0.00000000	      0.00000000
  14081.86816406	    130.59232374	    347.16571161	      0.00284972	      0.00000000	      0.00000000
  14581.86816406	    119.59133775	    356.74252093	      0.00313258	      0.00000000	      0.00000000
  15081.86816406	    109.54150250	    366.91386167	      0.00340373	      0.00000000	      0.00000000
  15581.86816406	    100.36651326	    377.66451060	      0.00359004	      0.00000000	      0.00000000
  16081.86816406	     91.99447552	    389.01577078	      0.00364846	      0.00000000	      0.00000000
  16581.86718750	     84.35780871	    400.92736356	      0.00364822	      0.00000000	      0.00000000
  17081.86718750	     77.39192684	    413.25158705	      0.00364327	      0.00000000	      0.00000000
  17581.86718750	     71.03554777	    425.87838953	      0.00364142	      0.00000000	      0.00000000
  18081.86718750	     65.23310371	    438.93548353	      0.00364203	      0.00000000	      0.00000000
  18581.86718750	     59.93739690	    452.86616172	      0.00364461	      0.00000000	      0.00000000
  19081.86718750	     55.10633681	    467.56080490	      0.00364952	      0.00000000	      0.00000000
  19581.86718750	     50.69707905	    482.38080803	      0.00365737	      0.00000000	      0.00000000
  20081.86718750	     46.66650051	    496.94973345	      0.00366807	      0.00000000	      0.00000000
  20590.05468750	     42.91698855	    511.53383382	      0.00367996	      0.00000000	      0.00000000
  21149.06054688	     39.15621609	    527.66815439	      0.00369052	      0.00000000	      0.00000000
  21763.96679688	     35.41706944	    546.01460597	      0.00369689	      0.00000000	      0.00000000
  22440.36328125	     31.73612535	    567.19375892	      0.00369950	      0.00000000	      0.00000000
  23184.40039062	     28.15161042	    591.53474085	      0.00370027	      0.00000000	      0.00000000
  24002.83984375	     24.70023525	    619.17296859	      0.00370065	      0.00000000	      0.00000000
  24903.12304688	     21.41551375	    650.29293643	      0.00370076	      0.00000000	      0.00000000
  25893.43554688	     18.32803715	    685.56923162	      0.00370077	      0.00000000	      0.00000000
  26982.77929688	     15.46764793	    726.20355514	      0.00370062	      0.00000000	      0.00000000
  10000.00,         64,    1009.32
     25.00000000	   1006.38796093	    291.43344538	      9.93782446	      0.00000000	      0.00000000
     75.00000000	   1000.54348761	    291.38222854	      9.65980780	      0.00000000	      0.00000000
    127.84809875	    994.39157102	    291.41768081	      9.61396915	      0.00000000	      0.00000000
    186.71687317	    987.57123273	    291.45603203	      9.57354709	      0.00000000	      0.00000000
    252.29220581	    980.01409834	    291.49729640	      9.53335659	      0.00000000	      0.00000000
    325.33816528	    971.64564984	    291.54079321	      9.47414920	      0.00000000	      0.00000000
    406.70581055	    962.38508799	    291.59241012	      9.39004849	      0.00000000	      0.00000000
    497.34317017	    952.14530088	    291.66218698	      9.26001578	      0.00000000	      0.00000000
    598.30627441	    940.83298927	    291.76921548	      9.05520651	      0.00000000	      0.00000000
    710.77154541	    928.34927642	    291.94854226	      8.73276518	      0.00000000	      0.00000000
    836.04931641	    914.59075808	    292.23706017	      8.28382030	      0.00000000	      0.00000000
    975.59924316	    899.45003070	    292.63156103	      7.78618327	      0.00000000	      0.00000000
   1131.04724121	    882.81570120	    293.11275810	      7.30841836	      0.00000000	      0.00000000
   1304.20446777	    864.57295221	    293.66847814	      6.86546583	      0.00000000	      0.00000000
   1497.08850098	    844.60510758	    294.30081550	      6.43779274	      0.00000000	      0.00000000
   1711.94665527	    822.79620488	    295.02228245	      5.99981038	      0.00000000	      0.00000000
   1951.28234863	    799.03419971	    295.84747924	      5.53426998	      0.00000000	      0.00000000
   2217.88403320	    773.21469581	    296.78863056	      5.03252843	      0.00000000	      0.00000000
   2514.85815430	    745.24540444	    297.85943770	      4.48905623	      0.00000000	      0.00000000
   2845.66479492	    715.05185972	    299.07595982	      3.90180512	      0.00000000	      0.00000000
   3214.15820312	    682.58321885	    300.43581723	      3.28579143	      0.00000000	      0.00000000
   3624.63183594	    647.81701860	    301.90113922	      2.67834266	      0.00000000	      0.00000000
   4081.86840820	    610.76741656	    303.44371103	      2.10971485	      0.00000000	      0.00000000
   4581.86816406	    572.20413754	    305.05671957	      1.58814145	      0.00000000	      0.00000000
   5081.86816406	    535.59404410	    306.60319199	      1.15193143	      0.00000000	      0.00000000
   5581.86816406	    500.84508464	    308.03356733	      0.81110655	      0.00000000	      0.00000000
   6081.86816406	    467.87103829	    309.27898386	      0.56524782	      0.00000000	      0.00000000
   6581.86816406	    436.58690527	    310.33181181	      0.39123816	      0.00000000	      0.00000000
   7081.86816406	    406.91343022	    311.21026801	      0.26832081	      0.00000000	      0.00000000
   7581.86816406	    378.77758369	    311.92790202	      0.18187594	      0.00000000	      0.00000000
   8081.86816406	    352.11188964	    312.50213363	      0.12179761	      0.00000000	      0.00000000
   8581.86816406	    326.85457685	    312.96540674	      0.08063942	      0.00000000	      0.00000000
   9081.86816406	    302.94955620	    313.35537181	      0.05287540	      0.00000000	      0.00000000
   9581.86816406	    280.34585536	    313.71408963	      0.03421711	      0.00000000	      0.00000000
  10081.86816406	    258.99720419	    314.09414964	      0.02163141	      0.00000000	      0.00000000
  10581.86816406	    238.86273082	    314.59037577	      0.01325265	      0.00000000	      0.00000000
  11081.86816406	    219.90993124	    315.40301672	      0.00794645	      0.00000000	      0.00000000
  11581.86816406	    202.11993473	    316.91470649	      0.00492680	      0.00000000	      0.00000000
  12081.86816406	    185.49129463	    319.67692257	      0.00341685	      0.00000000	      0.00000000
  12581.86816406	    170.03423476	    324.17766727	      0.00276142	      0.00000000	      0.00000000
  13081.86816406	    155.75206172	    330.50346813	      0.00257394	      0.00000000	      0.00000000
  13581.86816406	    142.62215280	    338.31605776	      0.00263573	      0.00000000	      0.00000000
  14081.86816406	    130.59232374	    347.16571161	      0.00284972	      0.00000000	      0.00000000
  14581.86816406	    119.59133775	    356.74252093	      0.00313258	      0.00000000	      0.00000000
  15081.86816406	    109.54150250	    366.91386167	      0.00340373	      0.00000000	      0.00000000
  15581.86816406	    100.36651326	    377.66451060	      0.00359004	      0.00000000	      0.00000000
  16081.86816406	     91.99447552	    389.01577078	      0.00364846	      0.00000000	      0.00000000
  16581.86718750	     84.35780871	    400.92736356	      0.00364822	      0.00000000	      0.00000000
  17081.86718750	     77.39192684	    413.25158705	      0.00364327	      0.00000000	      0.00000000
  17581.86718750	     71.03554777	    425.87838953	      0.00364142	      0.00000000	      0.00000000
  18081.86718750	     65.23310371	    438.93548353	      0.00364203	      0.00000000	      0.00000000
  18581.86718750	     59.93739690	    452.86616172	      0.00364461	      0.00000000	      0.00000000
  19081.86718750	     55.10633681	    467.56080490	      0.00364952	      0.00000000	      0.00000000
  19581.86718750	     50.69707905	    482.38080803	      0.00365737	      0.00000000	      0.00000000
  20081.86718750	     46.66650051	    496.94973345	      0.00366807	      0.00000000	      0.00000000
  20590.05468750	     42.91698855	    511.53383382	      0.00367996	      0.00000000	      0.00000000
  21149.06054688	     39.15621609	    527.66815439	      0.00369052	      0.00000000	      0.00000000
  21763.96679688	     35.41706944	    546.01460597	      0.00369689	      0.00000000	      0.00000000
  22440.36328125	     31.73612535	    567.19375892	      0.00369950	      0.00000000	      0.00000000
  23184.40039062	     28.15161042	    591.53474085	      0.00370027	      0.00000000	      0.00000000
  24002.83984375	     24.70023525	    619.17296859	      0.00370065	      0.00000000	      0.00000000
  24903.12304688	     21.41551375	    650.29293643	      0.00370076	      0.00000000	      0.00000000
  25893.43554688	     18.32803715	    685.56923162	      0.00370077	      0.00000000	      0.00000000
  26982.77929688	     15.46764793	    726.20355514	      0.00370062	      0.00000000	      0.00000000
