      z[m]      p[mb]      tp[K]    q[g/kg]     u[m/s]     v[m/s]
      0.00,         64,    1009.32
     25.00000000	   1006.38781738	    291.36081422	      9.84715176	      0.00000000	      0.00000000
     75.00000000	   1000.53997803	    291.30691347	      9.56457424	      0.00000000	      0.00000000
    127.84809875	    994.38720703	    291.34225310	      9.51793480	      0.00000000	      0.00000000
    186.71687317	    987.56463623	    291.38089805	      9.47778702	      0.00000000	      0.00000000
    252.29220581	    980.00494385	    291.42259366	      9.43828392	      0.00000000	      0.00000000
    325.33816528	    971.63415527	    291.46650768	      9.38027287	      0.00000000	      0.00000000
    406.70581055	    962.37072754	    291.51806611	      9.29814529	      0.00000000	      0.00000000
    497.34317017	    952.12786865	    291.58677550	      9.17205048	      0.00000000	      0.00000000
    598.30627441	    940.81213379	    291.69075011	      8.97467136	      0.00000000	      0.00000000
    710.77154541	    928.32470703	    291.86339389	      8.66459274	      0.00000000	      0.00000000
    836.04931641	    914.56170654	    292.14310894	      8.22737598	      0.00000000	      0.00000000
    975.59924316	    899.41540527	    292.53059823	      7.73393297	      0.00000000	      0.00000000
   1131.04724121	    882.77532959	    293.00778571	      7.25545406	      0.00000000	      0.00000000
   1304.20446777	    864.52612305	    293.56147887	      6.81080818	      0.00000000	      0.00000000
   1497.08850098	    844.55139160	    294.19194854	      6.38250303	      0.00000000	      0.00000000
   1711.94665527	    822.73455811	    294.91039262	      5.94596672	      0.00000000	      0.00000000
   1951.28234863	    798.96392822	    295.73134500	      5.48329401	      0.00000000	      0.00000000
   2217.88403320	    773.13507080	    296.66792026	      4.98448563	      0.00000000	      0.00000000
   2514.85815430	    745.15563965	    297.73433089	      4.44337606	      0.00000000	      0.00000000
   2845.66479492	    714.95135498	    298.94585092	      3.85823965	      0.00000000	      0.00000000
   3214.15820312	    682.47076416	    300.29876816	      3.24526525	      0.00000000	      0.00000000
   3624.63183594	    647.69177246	    301.75377750	      2.64263391	      0.00000000	      0.00000000
   4081.86840820	    610.62823486	    303.28538876	      2.07961798	      0.00000000	      0.00000000
   4581.86816406	    572.05041504	    304.88820684	      1.56274855	      0.00000000	      0.00000000
   5081.86816406	    535.42669678	    306.42429064	      1.13051879	      0.00000000	      0.00000000
   5581.86816406	    500.66458130	    307.84338697	      0.79340589	      0.00000000	      0.00000000
   6081.86816406	    467.67852783	    309.07883880	      0.55102468	      0.00000000	      0.00000000
   6581.86816406	    436.38339233	    310.12324527	      0.38033605	      0.00000000	      0.00000000
   7081.86816406	    406.70004272	    310.99393299	      0.26012671	      0.00000000	      0.00000000
   7581.86816406	    378.55520630	    311.70441695	      0.17599557	      0.00000000	      0.00000000
   8081.86816406	    351.88195801	    312.27309656	      0.11772988	      0.00000000	      0.00000000
   8581.86816406	    326.61828613	    312.73190455	      0.07789565	      0.00000000	      0.00000000
   9081.86816406	    302.70822144	    313.11758690	      0.05107342	      0.00000000	      0.00000000
   9581.86816406	    280.10061646	    313.47100096	      0.03307758	      0.00000000	      0.00000000
  10081.86816406	    258.74905396	    313.84161839	      0.02094001	      0.00000000	      0.00000000
  10581.86816406	    238.61231995	    314.32109274	      0.01282972	      0.00000000	      0.00000000
  11081.86816406	    219.65724182	    315.10456279	      0.00765698	      0.00000000	      0.00000000
  11581.86816406	    201.86424255	    316.56409581	      0.00470725	      0.00000000	      0.00000000
  12081.86816406	    185.23075867	    319.23495164	      0.00323570	      0.00000000	      0.00000000
  12581.86816406	    169.76547241	    323.59031772	      0.00258544	      0.00000000	      0.00000000
  13081.86816406	    155.47019958	    329.69980618	      0.00236901	      0.00000000	      0.00000000
  13581.86816406	    142.32116699	    337.20834545	      0.00237165	      0.00000000	      0.00000000
  14081.86816406	    130.26531982	    345.66482998	      0.00249449	      0.00000000	      0.00000000
  14581.86816406	    119.23151398	    354.76297859	      0.00268981	      0.00000000	      0.00000000
  15081.86816406	    109.14223480	    364.34993186	      0.00293073	      0.00000000	      0.00000000
  15581.86816406	     99.92127228	    374.36853898	      0.00321482	      0.00000000	      0.00000000
  16081.86816406	     91.49643707	    384.81851474	      0.00355024	      0.00000000	      0.00000000
  16581.86718750	     83.80144501	    395.76326442	      0.00394011	      0.00000000	      0.00000000
  17081.86718750	     76.77553558	    407.25343776	      0.00436568	      0.00000000	      0.00000000
  17581.86718750	     70.36293793	    419.33466236	      0.00476891	      0.00000000	      0.00000000
  18081.86718750	     64.51332855	    432.22623639	      0.00505290	      0.00000000	      0.00000000
  18581.86718750	     59.18314362	    446.33209125	      0.00513927	      0.00000000	      0.00000000
  19081.86718750	     54.33145523	    461.46975057	      0.00513971	      0.00000000	      0.00000000
  19581.86718750	     49.91469574	    476.87077893	      0.00513956	      0.00000000	      0.00000000
  20081.86718750	     45.88733292	    491.98858255	      0.00514236	      0.00000000	      0.00000000
  20590.05468750	     42.14889145	    506.97350829	      0.00519939	      0.00000000	      0.00000000
  21149.06054688	     38.40586853	    523.32707538	      0.00534415	      0.00000000	      0.00000000
  21763.96679688	     34.69003677	    541.76176268	      0.00556015	      0.00000000	      0.00000000
  22440.36328125	     31.03737259	    562.99626339	      0.00576725	      0.00000000	      0.00000000
  23184.40039062	     27.48645782	    587.61237458	      0.00586419	      0.00000000	      0.00000000
  24002.83984375	     24.07524490	    615.92337612	      0.00586472	      0.00000000	      0.00000000
  24903.12304688	     20.83818054	    648.17860548	      0.00586475	      0.00000000	      0.00000000
  25893.43554688	     17.80564690	    684.92943154	      0.00586613	      0.00000000	      0.00000000
  26982.77929688	     15.00581169	    727.28069281	      0.00586504	      0.00000000	      0.00000000
  10000.00,         64,    1009.32
     25.00000000	   1006.38781738	    291.36081422	      9.84715176	      0.00000000	      0.00000000
     75.00000000	   1000.53997803	    291.30691347	      9.56457424	      0.00000000	      0.00000000
    127.84809875	    994.38720703	    291.34225310	      9.51793480	      0.00000000	      0.00000000
    186.71687317	    987.56463623	    291.38089805	      9.47778702	      0.00000000	      0.00000000
    252.29220581	    980.00494385	    291.42259366	      9.43828392	      0.00000000	      0.00000000
    325.33816528	    971.63415527	    291.46650768	      9.38027287	      0.00000000	      0.00000000
    406.70581055	    962.37072754	    291.51806611	      9.29814529	      0.00000000	      0.00000000
    497.34317017	    952.12786865	    291.58677550	      9.17205048	      0.00000000	      0.00000000
    598.30627441	    940.81213379	    291.69075011	      8.97467136	      0.00000000	      0.00000000
    710.77154541	    928.32470703	    291.86339389	      8.66459274	      0.00000000	      0.00000000
    836.04931641	    914.56170654	    292.14310894	      8.22737598	      0.00000000	      0.00000000
    975.59924316	    899.41540527	    292.53059823	      7.73393297	      0.00000000	      0.00000000
   1131.04724121	    882.77532959	    293.00778571	      7.25545406	      0.00000000	      0.00000000
   1304.20446777	    864.52612305	    293.56147887	      6.81080818	      0.00000000	      0.00000000
   1497.08850098	    844.55139160	    294.19194854	      6.38250303	      0.00000000	      0.00000000
   1711.94665527	    822.73455811	    294.91039262	      5.94596672	      0.00000000	      0.00000000
   1951.28234863	    798.96392822	    295.73134500	      5.48329401	      0.00000000	      0.00000000
   2217.88403320	    773.13507080	    296.66792026	      4.98448563	      0.00000000	      0.00000000
   2514.85815430	    745.15563965	    297.73433089	      4.44337606	      0.00000000	      0.00000000
   2845.66479492	    714.95135498	    298.94585092	      3.85823965	      0.00000000	      0.00000000
   3214.15820312	    682.47076416	    300.29876816	      3.24526525	      0.00000000	      0.00000000
   3624.63183594	    647.69177246	    301.75377750	      2.64263391	      0.00000000	      0.00000000
   4081.86840820	    610.62823486	    303.28538876	      2.07961798	      0.00000000	      0.00000000
   4581.86816406	    572.05041504	    304.88820684	      1.56274855	      0.00000000	      0.00000000
   5081.86816406	    535.42669678	    306.42429064	      1.13051879	      0.00000000	      0.00000000
   5581.86816406	    500.66458130	    307.84338697	      0.79340589	      0.00000000	      0.00000000
   6081.86816406	    467.67852783	    309.07883880	      0.55102468	      0.00000000	      0.00000000
   6581.86816406	    436.38339233	    310.12324527	      0.38033605	      0.00000000	      0.00000000
   7081.86816406	    406.70004272	    310.99393299	      0.26012671	      0.00000000	      0.00000000
   7581.86816406	    378.55520630	    311.70441695	      0.17599557	      0.00000000	      0.00000000
   8081.86816406	    351.88195801	    312.27309656	      0.11772988	      0.00000000	      0.00000000
   8581.86816406	    326.61828613	    312.73190455	      0.07789565	      0.00000000	      0.00000000
   9081.86816406	    302.70822144	    313.11758690	      0.05107342	      0.00000000	      0.00000000
   9581.86816406	    280.10061646	    313.47100096	      0.03307758	      0.00000000	      0.00000000
  10081.86816406	    258.74905396	    313.84161839	      0.02094001	      0.00000000	      0.00000000
  10581.86816406	    238.61231995	    314.32109274	      0.01282972	      0.00000000	      0.00000000
  11081.86816406	    219.65724182	    315.10456279	      0.00765698	      0.00000000	      0.00000000
  11581.86816406	    201.86424255	    316.56409581	      0.00470725	      0.00000000	      0.00000000
  12081.86816406	    185.23075867	    319.23495164	      0.00323570	      0.00000000	      0.00000000
  12581.86816406	    169.76547241	    323.59031772	      0.00258544	      0.00000000	      0.00000000
  13081.86816406	    155.47019958	    329.69980618	      0.00236901	      0.00000000	      0.00000000
  13581.86816406	    142.32116699	    337.20834545	      0.00237165	      0.00000000	      0.00000000
  14081.86816406	    130.26531982	    345.66482998	      0.00249449	      0.00000000	      0.00000000
  14581.86816406	    119.23151398	    354.76297859	      0.00268981	      0.00000000	      0.00000000
  15081.86816406	    109.14223480	    364.34993186	      0.00293073	      0.00000000	      0.00000000
  15581.86816406	     99.92127228	    374.36853898	      0.00321482	      0.00000000	      0.00000000
  16081.86816406	     91.49643707	    384.81851474	      0.00355024	      0.00000000	      0.00000000
  16581.86718750	     83.80144501	    395.76326442	      0.00394011	      0.00000000	      0.00000000
  17081.86718750	     76.77553558	    407.25343776	      0.00436568	      0.00000000	      0.00000000
  17581.86718750	     70.36293793	    419.33466236	      0.00476891	      0.00000000	      0.00000000
  18081.86718750	     64.51332855	    432.22623639	      0.00505290	      0.00000000	      0.00000000
  18581.86718750	     59.18314362	    446.33209125	      0.00513927	      0.00000000	      0.00000000
  19081.86718750	     54.33145523	    461.46975057	      0.00513971	      0.00000000	      0.00000000
  19581.86718750	     49.91469574	    476.87077893	      0.00513956	      0.00000000	      0.00000000
  20081.86718750	     45.88733292	    491.98858255	      0.00514236	      0.00000000	      0.00000000
  20590.05468750	     42.14889145	    506.97350829	      0.00519939	      0.00000000	      0.00000000
  21149.06054688	     38.40586853	    523.32707538	      0.00534415	      0.00000000	      0.00000000
  21763.96679688	     34.69003677	    541.76176268	      0.00556015	      0.00000000	      0.00000000
  22440.36328125	     31.03737259	    562.99626339	      0.00576725	      0.00000000	      0.00000000
  23184.40039062	     27.48645782	    587.61237458	      0.00586419	      0.00000000	      0.00000000
  24002.83984375	     24.07524490	    615.92337612	      0.00586472	      0.00000000	      0.00000000
  24903.12304688	     20.83818054	    648.17860548	      0.00586475	      0.00000000	      0.00000000
  25893.43554688	     17.80564690	    684.92943154	      0.00586613	      0.00000000	      0.00000000
  26982.77929688	     15.00581169	    727.28069281	      0.00586504	      0.00000000	      0.00000000
