      z[m]      p[mb]      tp[K]    q[g/kg]     u[m/s]     v[m/s]
      0.00,         64,    1009.32
     25.00000000	   1006.50657350	    301.84888693	     20.20388669	      0.00000000	      0.00000000
     75.00000000	   1000.89778481	    301.82776418	     19.77990618	      0.00000000	      0.00000000
    127.84809875	    994.99311022	    301.87932966	     19.72214073	      0.00000000	      0.00000000
    186.71687317	    988.44586799	    301.93224595	     19.65454857	      0.00000000	      0.00000000
    252.29220581	    981.18996257	    301.98734446	     19.57753968	      0.00000000	      0.00000000
    325.33816528	    973.15332531	    302.04890112	     19.45733158	      0.00000000	      0.00000000
    406.70581055	    964.25779561	    302.12838116	     19.27886765	      0.00000000	      0.00000000
    497.34317017	    954.41916136	    302.24744999	     18.99396653	      0.00000000	      0.00000000
    598.30627441	    943.54748137	    302.44584590	     18.53788444	      0.00000000	      0.00000000
    710.77154541	    931.54792766	    302.77479128	     17.86272412	      0.00000000	      0.00000000
    836.04931641	    918.32131884	    303.23648400	     17.07130461	      0.00000000	      0.00000000
    975.59924316	    903.76392788	    303.80423965	     16.29199428	      0.00000000	      0.00000000
   1131.04724121	    887.76749952	    304.45924415	     15.56379274	      0.00000000	      0.00000000
   1304.20446777	    870.22006964	    305.20070096	     14.86265082	      0.00000000	      0.00000000
   1497.08850098	    851.00765219	    306.04036188	     14.14910135	      0.00000000	      0.00000000
   1711.94665527	    830.01652897	    306.99231850	     13.39379188	      0.00000000	      0.00000000
   1951.28234863	    807.13588427	    308.06788716	     12.58286203	      0.00000000	      0.00000000
   2217.88403320	    782.26089387	    309.27268039	     11.71597845	      0.00000000	      0.00000000
   2514.85815430	    755.29632471	    310.60733200	     10.80228688	      0.00000000	      0.00000000
   2845.66479492	    726.16150632	    312.07995919	      9.85334350	      0.00000000	      0.00000000
   3214.15820312	    694.79744058	    313.72045354	      8.87642677	      0.00000000	      0.00000000
   3624.63183594	    661.17585574	    315.57648125	      7.87547351	      0.00000000	      0.00000000
   4081.86840820	    625.30962913	    317.68776761	      6.85516473	      0.00000000	      0.00000000
   4581.86816406	    587.94566926	    320.04215551	      5.83808208	      0.00000000	      0.00000000
   5081.86816406	    552.44801837	    322.43124503	      4.91437333	      0.00000000	      0.00000000
   5581.86816406	    518.73626436	    324.83773009	      4.08879759	      0.00000000	      0.00000000
   6081.86816406	    486.73540976	    327.19829452	      3.37318323	      0.00000000	      0.00000000
   6581.86816406	    456.36824333	    329.46437901	      2.75857294	      0.00000000	      0.00000000
   7081.86816406	    427.55975092	    331.65472210	      2.21304011	      0.00000000	      0.00000000
   7581.86816406	    400.24028142	    333.79651953	      1.71853359	      0.00000000	      0.00000000
   8081.86816406	    374.34305536	    335.85070052	      1.29338361	      0.00000000	      0.00000000
   8581.86816406	    349.80029120	    337.73029458	      0.95685280	      0.00000000	      0.00000000
   9081.86816406	    326.54416484	    339.40067910	      0.70002269	      0.00000000	      0.00000000
   9581.86816406	    304.51034878	    340.86898928	      0.50337238	      0.00000000	      0.00000000
  10081.86816406	    283.63921862	    342.14578535	      0.35298221	      0.00000000	      0.00000000
  10581.86816406	    263.87541560	    343.23696682	      0.24172956	      0.00000000	      0.00000000
  11081.86816406	    245.16780211	    344.16585481	      0.16279988	      0.00000000	      0.00000000
  11581.86816406	    227.47008067	    344.98256488	      0.10865151	      0.00000000	      0.00000000
  12081.86816406	    210.74122912	    345.76050718	      0.07214809	      0.00000000	      0.00000000
  12581.86816406	    194.94567797	    346.60191798	      0.04755956	      0.00000000	      0.00000000
  13081.86816406	    180.05345355	    347.64472513	      0.03105383	      0.00000000	      0.00000000
  13581.86816406	    166.04009653	    349.06328623	      0.02018785	      0.00000000	      0.00000000
  14081.86816406	    152.88665342	    351.09402077	      0.01329912	      0.00000000	      0.00000000
  14581.86816406	    140.58041716	    354.08861874	      0.00918141	      0.00000000	      0.00000000
  15081.86816406	    129.11473206	    358.47495064	      0.00697219	      0.00000000	      0.00000000
  15581.86816406	    118.48435370	    364.56625355	      0.00604446	      0.00000000	      0.00000000
  16081.86816406	    108.67631310	    372.34274307	      0.00590507	      0.00000000	      0.00000000
  16581.86718750	     99.66185250	    381.42092294	      0.00620396	      0.00000000	      0.00000000
  17081.86718750	     91.39585580	    391.31256509	      0.00677542	      0.00000000	      0.00000000
  17581.86718750	     83.82471219	    401.78933407	      0.00750684	      0.00000000	      0.00000000
  18081.86718750	     76.89649583	    413.07408607	      0.00834690	      0.00000000	      0.00000000
  18581.86718750	     70.56734127	    425.74979978	      0.00926847	      0.00000000	      0.00000000
  19081.86718750	     64.79705311	    439.77092477	      0.01013786	      0.00000000	      0.00000000
  19581.86718750	     59.54031880	    454.37599388	      0.01070726	      0.00000000	      0.00000000
  20081.86718750	     54.74659380	    468.89412982	      0.01083410	      0.00000000	      0.00000000
  20590.05468750	     50.29731123	    483.31529935	      0.01083028	      0.00000000	      0.00000000
  21149.06054688	     45.84270241	    498.95490181	      0.01081312	      0.00000000	      0.00000000
  21763.96679688	     41.41928191	    516.40927470	      0.01080838	      0.00000000	      0.00000000
  22440.36328125	     37.06837126	    536.33359520	      0.01081153	      0.00000000	      0.00000000
  23184.40039062	     32.83439681	    559.17538045	      0.01081584	      0.00000000	      0.00000000
  24002.83984375	     28.76089959	    585.11629337	      0.01081774	      0.00000000	      0.00000000
  24903.12304688	     24.88808581	    614.41337727	      0.01081770	      0.00000000	      0.00000000
  25893.43554688	     21.25285727	    647.74272996	      0.01081763	      0.00000000	      0.00000000
  26982.77929688	     17.89076121	    686.15994219	      0.01081725	      0.00000000	      0.00000000
  10000.00,         64,    1009.32
     25.00000000	   1006.50657350	    301.84888693	     20.20388669	      0.00000000	      0.00000000
     75.00000000	   1000.89778481	    301.82776418	     19.77990618	      0.00000000	      0.00000000
    127.84809875	    994.99311022	    301.87932966	     19.72214073	      0.00000000	      0.00000000
    186.71687317	    988.44586799	    301.93224595	     19.65454857	      0.00000000	      0.00000000
    252.29220581	    981.18996257	    301.98734446	     19.57753968	      0.00000000	      0.00000000
    325.33816528	    973.15332531	    302.04890112	     19.45733158	      0.00000000	      0.00000000
    406.70581055	    964.25779561	    302.12838116	     19.27886765	      0.00000000	      0.00000000
    497.34317017	    954.41916136	    302.24744999	     18.99396653	      0.00000000	      0.00000000
    598.30627441	    943.54748137	    302.44584590	     18.53788444	      0.00000000	      0.00000000
    710.77154541	    931.54792766	    302.77479128	     17.86272412	      0.00000000	      0.00000000
    836.04931641	    918.32131884	    303.23648400	     17.07130461	      0.00000000	      0.00000000
    975.59924316	    903.76392788	    303.80423965	     16.29199428	      0.00000000	      0.00000000
   1131.04724121	    887.76749952	    304.45924415	     15.56379274	      0.00000000	      0.00000000
   1304.20446777	    870.22006964	    305.20070096	     14.86265082	      0.00000000	      0.00000000
   1497.08850098	    851.00765219	    306.04036188	     14.14910135	      0.00000000	      0.00000000
   1711.94665527	    830.01652897	    306.99231850	     13.39379188	      0.00000000	      0.00000000
   1951.28234863	    807.13588427	    308.06788716	     12.58286203	      0.00000000	      0.00000000
   2217.88403320	    782.26089387	    309.27268039	     11.71597845	      0.00000000	      0.00000000
   2514.85815430	    755.29632471	    310.60733200	     10.80228688	      0.00000000	      0.00000000
   2845.66479492	    726.16150632	    312.07995919	      9.85334350	      0.00000000	      0.00000000
   3214.15820312	    694.79744058	    313.72045354	      8.87642677	      0.00000000	      0.00000000
   3624.63183594	    661.17585574	    315.57648125	      7.87547351	      0.00000000	      0.00000000
   4081.86840820	    625.30962913	    317.68776761	      6.85516473	      0.00000000	      0.00000000
   4581.86816406	    587.94566926	    320.04215551	      5.83808208	      0.00000000	      0.00000000
   5081.86816406	    552.44801837	    322.43124503	      4.91437333	      0.00000000	      0.00000000
   5581.86816406	    518.73626436	    324.83773009	      4.08879759	      0.00000000	      0.00000000
   6081.86816406	    486.73540976	    327.19829452	      3.37318323	      0.00000000	      0.00000000
   6581.86816406	    456.36824333	    329.46437901	      2.75857294	      0.00000000	      0.00000000
   7081.86816406	    427.55975092	    331.65472210	      2.21304011	      0.00000000	      0.00000000
   7581.86816406	    400.24028142	    333.79651953	      1.71853359	      0.00000000	      0.00000000
   8081.86816406	    374.34305536	    335.85070052	      1.29338361	      0.00000000	      0.00000000
   8581.86816406	    349.80029120	    337.73029458	      0.95685280	      0.00000000	      0.00000000
   9081.86816406	    326.54416484	    339.40067910	      0.70002269	      0.00000000	      0.00000000
   9581.86816406	    304.51034878	    340.86898928	      0.50337238	      0.00000000	      0.00000000
  10081.86816406	    283.63921862	    342.14578535	      0.35298221	      0.00000000	      0.00000000
  10581.86816406	    263.87541560	    343.23696682	      0.24172956	      0.00000000	      0.00000000
  11081.86816406	    245.16780211	    344.16585481	      0.16279988	      0.00000000	      0.00000000
  11581.86816406	    227.47008067	    344.98256488	      0.10865151	      0.00000000	      0.00000000
  12081.86816406	    210.74122912	    345.76050718	      0.07214809	      0.00000000	      0.00000000
  12581.86816406	    194.94567797	    346.60191798	      0.04755956	      0.00000000	      0.00000000
  13081.86816406	    180.05345355	    347.64472513	      0.03105383	      0.00000000	      0.00000000
  13581.86816406	    166.04009653	    349.06328623	      0.02018785	      0.00000000	      0.00000000
  14081.86816406	    152.88665342	    351.09402077	      0.01329912	      0.00000000	      0.00000000
  14581.86816406	    140.58041716	    354.08861874	      0.00918141	      0.00000000	      0.00000000
  15081.86816406	    129.11473206	    358.47495064	      0.00697219	      0.00000000	      0.00000000
  15581.86816406	    118.48435370	    364.56625355	      0.00604446	      0.00000000	      0.00000000
  16081.86816406	    108.67631310	    372.34274307	      0.00590507	      0.00000000	      0.00000000
  16581.86718750	     99.66185250	    381.42092294	      0.00620396	      0.00000000	      0.00000000
  17081.86718750	     91.39585580	    391.31256509	      0.00677542	      0.00000000	      0.00000000
  17581.86718750	     83.82471219	    401.78933407	      0.00750684	      0.00000000	      0.00000000
  18081.86718750	     76.89649583	    413.07408607	      0.00834690	      0.00000000	      0.00000000
  18581.86718750	     70.56734127	    425.74979978	      0.00926847	      0.00000000	      0.00000000
  19081.86718750	     64.79705311	    439.77092477	      0.01013786	      0.00000000	      0.00000000
  19581.86718750	     59.54031880	    454.37599388	      0.01070726	      0.00000000	      0.00000000
  20081.86718750	     54.74659380	    468.89412982	      0.01083410	      0.00000000	      0.00000000
  20590.05468750	     50.29731123	    483.31529935	      0.01083028	      0.00000000	      0.00000000
  21149.06054688	     45.84270241	    498.95490181	      0.01081312	      0.00000000	      0.00000000
  21763.96679688	     41.41928191	    516.40927470	      0.01080838	      0.00000000	      0.00000000
  22440.36328125	     37.06837126	    536.33359520	      0.01081153	      0.00000000	      0.00000000
  23184.40039062	     32.83439681	    559.17538045	      0.01081584	      0.00000000	      0.00000000
  24002.83984375	     28.76089959	    585.11629337	      0.01081774	      0.00000000	      0.00000000
  24903.12304688	     24.88808581	    614.41337727	      0.01081770	      0.00000000	      0.00000000
  25893.43554688	     21.25285727	    647.74272996	      0.01081763	      0.00000000	      0.00000000
  26982.77929688	     17.89076121	    686.15994219	      0.01081725	      0.00000000	      0.00000000
