      z[m]      p[mb]      tp[K]    q[g/kg]     u[m/s]     v[m/s]
      0.00,         64,    1009.32
     25.00000000	   1006.44824606	    296.82990572	     14.52365624	      0.00000000	      0.00000000
     75.00000000	   1000.72317780	    296.77028454	     14.08711733	      0.00000000	      0.00000000
    127.84809875	    994.69597755	    296.80878439	     13.98553937	      0.00000000	      0.00000000
    186.71687317	    988.01323096	    296.85777205	     13.91467922	      0.00000000	      0.00000000
    252.29220581	    980.60788681	    296.91176538	     13.84084080	      0.00000000	      0.00000000
    325.33816528	    972.40675142	    296.97333585	     13.73868235	      0.00000000	      0.00000000
    406.70581055	    963.33048178	    297.05118481	     13.59386291	      0.00000000	      0.00000000
    497.34317017	    953.29359947	    297.16253747	     13.37196614	      0.00000000	      0.00000000
    598.30627441	    942.20479365	    297.33846809	     13.02979601	      0.00000000	      0.00000000
    710.77154541	    929.96770786	    297.62402220	     12.52615732	      0.00000000	      0.00000000
    836.04931641	    916.48157694	    298.03163825	     11.91417180	      0.00000000	      0.00000000
    975.59924316	    901.64114574	    298.54370898	     11.27941356	      0.00000000	      0.00000000
   1131.04724121	    885.33678706	    299.14470973	     10.66214956	      0.00000000	      0.00000000
   1304.20446777	    867.45528281	    299.82478294	     10.06885648	      0.00000000	      0.00000000
   1497.08850098	    847.88119624	    300.58050013	      9.49053974	      0.00000000	      0.00000000
   1711.94665527	    826.49896071	    301.41436122	      8.91435318	      0.00000000	      0.00000000
   1951.28234863	    803.19580654	    302.33700371	      8.32918731	      0.00000000	      0.00000000
   2217.88403320	    777.86584592	    303.36983213	      7.72582937	      0.00000000	      0.00000000
   2514.85815430	    750.41506233	    304.54013688	      7.09359926	      0.00000000	      0.00000000
   2845.66479492	    720.76681243	    305.87076652	      6.42107979	      0.00000000	      0.00000000
   3214.15820312	    688.86793347	    307.38371985	      5.69854954	      0.00000000	      0.00000000
   3624.63183594	    654.69621879	    309.10309282	      4.92261460	      0.00000000	      0.00000000
   4081.86840820	    618.27015502	    311.04382328	      4.10882143	      0.00000000	      0.00000000
   4581.86816406	    580.35000646	    313.13722089	      3.31553078	      0.00000000	      0.00000000
   5081.86816406	    544.34155863	    315.12770284	      2.63982003	      0.00000000	      0.00000000
   5581.86816406	    510.15181029	    317.03487257	      2.06028833	      0.00000000	      0.00000000
   6081.86816406	    477.70125469	    318.87919859	      1.55826108	      0.00000000	      0.00000000
   6581.86816406	    446.91294122	    320.61673382	      1.13890262	      0.00000000	      0.00000000
   7081.86816406	    417.70884128	    322.17772291	      0.81465011	      0.00000000	      0.00000000
   7581.86816406	    390.01156593	    323.53530230	      0.57794609	      0.00000000	      0.00000000
   8081.86816406	    363.74817680	    324.70424029	      0.40721992	      0.00000000	      0.00000000
   8581.86816406	    338.85143180	    325.70048100	      0.28326218	      0.00000000	      0.00000000
   9081.86816406	    315.25893092	    326.53113989	      0.19373976	      0.00000000	      0.00000000
   9581.86816406	    292.91281927	    327.21622073	      0.13038828	      0.00000000	      0.00000000
  10081.86816406	    271.76042133	    327.79802111	      0.08671153	      0.00000000	      0.00000000
  10581.86816406	    251.75461502	    328.33479592	      0.05708129	      0.00000000	      0.00000000
  11081.86816406	    232.85374567	    328.90137159	      0.03694515	      0.00000000	      0.00000000
  11581.86816406	    215.02135582	    329.58933818	      0.02333995	      0.00000000	      0.00000000
  12081.86816406	    198.22633488	    330.53156120	      0.01444738	      0.00000000	      0.00000000
  12581.86816406	    182.44381161	    331.92819238	      0.00895839	      0.00000000	      0.00000000
  13081.86816406	    167.65650969	    334.08205878	      0.00578217	      0.00000000	      0.00000000
  13581.86816406	    153.85563715	    337.40942596	      0.00407696	      0.00000000	      0.00000000
  14081.86816406	    141.03859162	    342.35120184	      0.00328516	      0.00000000	      0.00000000
  14581.86816406	    129.20094267	    349.16886682	      0.00307792	      0.00000000	      0.00000000
  15081.86816406	    118.32512141	    357.78110057	      0.00321700	      0.00000000	      0.00000000
  15581.86816406	    108.37319420	    367.81077728	      0.00359582	      0.00000000	      0.00000000
  16081.86816406	     99.28819738	    378.77122862	      0.00411612	      0.00000000	      0.00000000
  16581.86718750	     91.00169162	    390.24873303	      0.00469768	      0.00000000	      0.00000000
  17081.86718750	     83.44214932	    401.97490274	      0.00527624	      0.00000000	      0.00000000
  17581.86718750	     76.54131403	    413.86028136	      0.00577636	      0.00000000	      0.00000000
  18081.86718750	     70.23891544	    426.15036185	      0.00609135	      0.00000000	      0.00000000
  18581.86718750	     64.48731261	    439.68054973	      0.00614427	      0.00000000	      0.00000000
  19081.86718750	     59.24726505	    454.65826553	      0.00613139	      0.00000000	      0.00000000
  19581.86718750	     54.47628061	    470.17636933	      0.00608558	      0.00000000	      0.00000000
  20081.86718750	     50.12527263	    485.17322120	      0.00600911	      0.00000000	      0.00000000
  20590.05468750	     46.08204201	    499.39991506	      0.00588484	      0.00000000	      0.00000000
  21149.06054688	     42.02532198	    514.53241538	      0.00564929	      0.00000000	      0.00000000
  21763.96679688	     37.98994858	    532.15006958	      0.00519371	      0.00000000	      0.00000000
  22440.36328125	     34.02170182	    553.81583276	      0.00439872	      0.00000000	      0.00000000
  23184.40039062	     30.17127301	    580.32322817	      0.00323525	      0.00000000	      0.00000000
  24002.83984375	     26.48553479	    611.79622930	      0.00186715	      0.00000000	      0.00000000
  24903.12304688	     23.00355804	    648.46848749	      0.00065818	      0.00000000	      0.00000000
  25893.43554688	     19.75773881	    691.32822289	      0.00000840	      0.00000000	      0.00000000
  26982.77929688	     16.77418368	    740.63523914	      0.00000000	      0.00000000	      0.00000000
  10000.00,         64,    1009.32
     25.00000000	   1006.44824606	    296.82990572	     14.52365624	      0.00000000	      0.00000000
     75.00000000	   1000.72317780	    296.77028454	     14.08711733	      0.00000000	      0.00000000
    127.84809875	    994.69597755	    296.80878439	     13.98553937	      0.00000000	      0.00000000
    186.71687317	    988.01323096	    296.85777205	     13.91467922	      0.00000000	      0.00000000
    252.29220581	    980.60788681	    296.91176538	     13.84084080	      0.00000000	      0.00000000
    325.33816528	    972.40675142	    296.97333585	     13.73868235	      0.00000000	      0.00000000
    406.70581055	    963.33048178	    297.05118481	     13.59386291	      0.00000000	      0.00000000
    497.34317017	    953.29359947	    297.16253747	     13.37196614	      0.00000000	      0.00000000
    598.30627441	    942.20479365	    297.33846809	     13.02979601	      0.00000000	      0.00000000
    710.77154541	    929.96770786	    297.62402220	     12.52615732	      0.00000000	      0.00000000
    836.04931641	    916.48157694	    298.03163825	     11.91417180	      0.00000000	      0.00000000
    975.59924316	    901.64114574	    298.54370898	     11.27941356	      0.00000000	      0.00000000
   1131.04724121	    885.33678706	    299.14470973	     10.66214956	      0.00000000	      0.00000000
   1304.20446777	    867.45528281	    299.82478294	     10.06885648	      0.00000000	      0.00000000
   1497.08850098	    847.88119624	    300.58050013	      9.49053974	      0.00000000	      0.00000000
   1711.94665527	    826.49896071	    301.41436122	      8.91435318	      0.00000000	      0.00000000
   1951.28234863	    803.19580654	    302.33700371	      8.32918731	      0.00000000	      0.00000000
   2217.88403320	    777.86584592	    303.36983213	      7.72582937	      0.00000000	      0.00000000
   2514.85815430	    750.41506233	    304.54013688	      7.09359926	      0.00000000	      0.00000000
   2845.66479492	    720.76681243	    305.87076652	      6.42107979	      0.00000000	      0.00000000
   3214.15820312	    688.86793347	    307.38371985	      5.69854954	      0.00000000	      0.00000000
   3624.63183594	    654.69621879	    309.10309282	      4.92261460	      0.00000000	      0.00000000
   4081.86840820	    618.27015502	    311.04382328	      4.10882143	      0.00000000	      0.00000000
   4581.86816406	    580.35000646	    313.13722089	      3.31553078	      0.00000000	      0.00000000
   5081.86816406	    544.34155863	    315.12770284	      2.63982003	      0.00000000	      0.00000000
   5581.86816406	    510.15181029	    317.03487257	      2.06028833	      0.00000000	      0.00000000
   6081.86816406	    477.70125469	    318.87919859	      1.55826108	      0.00000000	      0.00000000
   6581.86816406	    446.91294122	    320.61673382	      1.13890262	      0.00000000	      0.00000000
   7081.86816406	    417.70884128	    322.17772291	      0.81465011	      0.00000000	      0.00000000
   7581.86816406	    390.01156593	    323.53530230	      0.57794609	      0.00000000	      0.00000000
   8081.86816406	    363.74817680	    324.70424029	      0.40721992	      0.00000000	      0.00000000
   8581.86816406	    338.85143180	    325.70048100	      0.28326218	      0.00000000	      0.00000000
   9081.86816406	    315.25893092	    326.53113989	      0.19373976	      0.00000000	      0.00000000
   9581.86816406	    292.91281927	    327.21622073	      0.13038828	      0.00000000	      0.00000000
  10081.86816406	    271.76042133	    327.79802111	      0.08671153	      0.00000000	      0.00000000
  10581.86816406	    251.75461502	    328.33479592	      0.05708129	      0.00000000	      0.00000000
  11081.86816406	    232.85374567	    328.90137159	      0.03694515	      0.00000000	      0.00000000
  11581.86816406	    215.02135582	    329.58933818	      0.02333995	      0.00000000	      0.00000000
  12081.86816406	    198.22633488	    330.53156120	      0.01444738	      0.00000000	      0.00000000
  12581.86816406	    182.44381161	    331.92819238	      0.00895839	      0.00000000	      0.00000000
  13081.86816406	    167.65650969	    334.08205878	      0.00578217	      0.00000000	      0.00000000
  13581.86816406	    153.85563715	    337.40942596	      0.00407696	      0.00000000	      0.00000000
  14081.86816406	    141.03859162	    342.35120184	      0.00328516	      0.00000000	      0.00000000
  14581.86816406	    129.20094267	    349.16886682	      0.00307792	      0.00000000	      0.00000000
  15081.86816406	    118.32512141	    357.78110057	      0.00321700	      0.00000000	      0.00000000
  15581.86816406	    108.37319420	    367.81077728	      0.00359582	      0.00000000	      0.00000000
  16081.86816406	     99.28819738	    378.77122862	      0.00411612	      0.00000000	      0.00000000
  16581.86718750	     91.00169162	    390.24873303	      0.00469768	      0.00000000	      0.00000000
  17081.86718750	     83.44214932	    401.97490274	      0.00527624	      0.00000000	      0.00000000
  17581.86718750	     76.54131403	    413.86028136	      0.00577636	      0.00000000	      0.00000000
  18081.86718750	     70.23891544	    426.15036185	      0.00609135	      0.00000000	      0.00000000
  18581.86718750	     64.48731261	    439.68054973	      0.00614427	      0.00000000	      0.00000000
  19081.86718750	     59.24726505	    454.65826553	      0.00613139	      0.00000000	      0.00000000
  19581.86718750	     54.47628061	    470.17636933	      0.00608558	      0.00000000	      0.00000000
  20081.86718750	     50.12527263	    485.17322120	      0.00600911	      0.00000000	      0.00000000
  20590.05468750	     46.08204201	    499.39991506	      0.00588484	      0.00000000	      0.00000000
  21149.06054688	     42.02532198	    514.53241538	      0.00564929	      0.00000000	      0.00000000
  21763.96679688	     37.98994858	    532.15006958	      0.00519371	      0.00000000	      0.00000000
  22440.36328125	     34.02170182	    553.81583276	      0.00439872	      0.00000000	      0.00000000
  23184.40039062	     30.17127301	    580.32322817	      0.00323525	      0.00000000	      0.00000000
  24002.83984375	     26.48553479	    611.79622930	      0.00186715	      0.00000000	      0.00000000
  24903.12304688	     23.00355804	    648.46848749	      0.00065818	      0.00000000	      0.00000000
  25893.43554688	     19.75773881	    691.32822289	      0.00000840	      0.00000000	      0.00000000
  26982.77929688	     16.77418368	    740.63523914	      0.00000000	      0.00000000	      0.00000000
