      z[m]      p[mb]      tp[K]    q[g/kg]     u[m/s]     v[m/s]
      0.00,         64,    1009.32
     25.00000000	   1006.44549561	    296.53046042	     14.28964520	      0.00000000	      0.00000000
     75.00000000	   1000.71710205	    296.49063183	     13.95104885	      0.00000000	      0.00000000
    127.84809875	    994.68585205	    296.53129524	     13.89526367	      0.00000000	      0.00000000
    186.71687317	    987.99859619	    296.57371984	     13.83760357	      0.00000000	      0.00000000
    252.29220581	    980.58764648	    296.61918792	     13.77707767	      0.00000000	      0.00000000
    325.33816528	    972.38171387	    296.66909673	     13.68797207	      0.00000000	      0.00000000
    406.70581055	    963.29846191	    296.73281569	     13.55983257	      0.00000000	      0.00000000
    497.34317017	    953.25396729	    296.82669575	     13.35729408	      0.00000000	      0.00000000
    598.30627441	    942.15655518	    296.98256852	     13.03194714	      0.00000000	      0.00000000
    710.77154541	    929.90881348	    297.24957508	     12.53251362	      0.00000000	      0.00000000
    836.04931641	    916.41094971	    297.64506621	     11.91128159	      0.00000000	      0.00000000
    975.59924316	    901.55712891	    298.14551624	     11.27725506	      0.00000000	      0.00000000
   1131.04724121	    885.23736572	    298.72844162	     10.67715073	      0.00000000	      0.00000000
   1304.20446777	    867.33825684	    299.38429417	     10.10304546	      0.00000000	      0.00000000
   1497.08850098	    847.74407959	    300.11569735	      9.53098106	      0.00000000	      0.00000000
   1711.94665527	    826.33850098	    300.93018917	      8.94383335	      0.00000000	      0.00000000
   1951.28234863	    803.00927734	    301.84019490	      8.33530521	      0.00000000	      0.00000000
   2217.88403320	    777.65130615	    302.86998621	      7.70026970	      0.00000000	      0.00000000
   2514.85815430	    750.17022705	    304.04667746	      7.02958488	      0.00000000	      0.00000000
   2845.66479492	    720.49078369	    305.38446735	      6.31880140	      0.00000000	      0.00000000
   3214.15820312	    688.55981445	    306.89335085	      5.56857157	      0.00000000	      0.00000000
   3624.63183594	    654.35412598	    308.59329537	      4.78168964	      0.00000000	      0.00000000
   4081.86840820	    617.89129639	    310.50569930	      3.97117591	      0.00000000	      0.00000000
   4581.86816406	    579.93255615	    312.56407545	      3.19137883	      0.00000000	      0.00000000
   5081.86816406	    543.88665771	    314.50665111	      2.54107189	      0.00000000	      0.00000000
   5581.86816406	    509.65988159	    316.35723260	      1.99253285	      0.00000000	      0.00000000
   6081.86816406	    477.17297363	    318.15433110	      1.51697862	      0.00000000	      0.00000000
   6581.86816406	    446.35083008	    319.86695673	      1.11652577	      0.00000000	      0.00000000
   7081.86816406	    417.11706543	    321.41496235	      0.80418932	      0.00000000	      0.00000000
   7581.86816406	    389.39453125	    322.76250243	      0.57223082	      0.00000000	      0.00000000
   8081.86816406	    363.10977173	    323.91687142	      0.40170509	      0.00000000	      0.00000000
   8581.86816406	    338.19500732	    324.89302982	      0.27665412	      0.00000000	      0.00000000
   9081.86816406	    314.58731079	    325.69933989	      0.18696357	      0.00000000	      0.00000000
   9581.86816406	    292.22848511	    326.35784566	      0.12442580	      0.00000000	      0.00000000
  10081.86816406	    271.06576538	    326.91131745	      0.08185712	      0.00000000	      0.00000000
  10581.86816406	    251.05195618	    327.41689351	      0.05327599	      0.00000000	      0.00000000
  11081.86816406	    232.14520264	    327.94950538	      0.03412317	      0.00000000	      0.00000000
  11581.86816406	    214.30941772	    328.61494475	      0.02143763	      0.00000000	      0.00000000
  12081.86816406	    197.51478577	    329.58222988	      0.01332176	      0.00000000	      0.00000000
  12581.86816406	    181.73988342	    331.11466189	      0.00841279	      0.00000000	      0.00000000
  13081.86816406	    166.97334290	    333.61160740	      0.00562908	      0.00000000	      0.00000000
  13581.86816406	    153.21301270	    337.53624719	      0.00419254	      0.00000000	      0.00000000
  14081.86816406	    140.45883179	    343.20585612	      0.00361060	      0.00000000	      0.00000000
  14581.86816406	    128.70018005	    350.62341781	      0.00353660	      0.00000000	      0.00000000
  15081.86816406	    117.90737915	    359.51357688	      0.00376798	      0.00000000	      0.00000000
  15581.86816406	    108.03078461	    369.48976637	      0.00421463	      0.00000000	      0.00000000
  16081.86816406	     99.00733185	    380.18460467	      0.00477247	      0.00000000	      0.00000000
  16581.86718750	     90.76786804	    391.33153888	      0.00535005	      0.00000000	      0.00000000
  17081.86718750	     83.24364471	    402.79407694	      0.00585249	      0.00000000	      0.00000000
  17581.86718750	     76.37073517	    414.59376865	      0.00617032	      0.00000000	      0.00000000
  18081.86718750	     70.09328461	    427.03748544	      0.00623960	      0.00000000	      0.00000000
  18581.86718750	     64.36502838	    440.65715823	      0.00623870	      0.00000000	      0.00000000
  19081.86718750	     59.14420319	    455.35678160	      0.00623744	      0.00000000	      0.00000000
  19581.86718750	     54.38591003	    470.35218563	      0.00623948	      0.00000000	      0.00000000
  20081.86718750	     50.04234695	    485.03088672	      0.00625963	      0.00000000	      0.00000000
  20590.05468750	     46.00566483	    499.49427126	      0.00630817	      0.00000000	      0.00000000
  21149.06054688	     41.95860291	    515.19987851	      0.00638474	      0.00000000	      0.00000000
  21763.96679688	     37.93483734	    532.85973863	      0.00646550	      0.00000000	      0.00000000
  22440.36328125	     33.97292328	    553.17304468	      0.00651108	      0.00000000	      0.00000000
  23184.40039062	     30.11428642	    576.60195592	      0.00651188	      0.00000000	      0.00000000
  24002.83984375	     26.39949226	    603.36257529	      0.00651192	      0.00000000	      0.00000000
  24903.12304688	     22.86593246	    633.70690112	      0.00651299	      0.00000000	      0.00000000
  25893.43554688	     19.54754066	    668.25852466	      0.00651333	      0.00000000	      0.00000000
  26982.77929688	     16.47663879	    708.07116029	      0.00651259	      0.00000000	      0.00000000
  10000.00,         64,    1009.32
     25.00000000	   1006.44549561	    296.53046042	     14.28964520	      0.00000000	      0.00000000
     75.00000000	   1000.71710205	    296.49063183	     13.95104885	      0.00000000	      0.00000000
    127.84809875	    994.68585205	    296.53129524	     13.89526367	      0.00000000	      0.00000000
    186.71687317	    987.99859619	    296.57371984	     13.83760357	      0.00000000	      0.00000000
    252.29220581	    980.58764648	    296.61918792	     13.77707767	      0.00000000	      0.00000000
    325.33816528	    972.38171387	    296.66909673	     13.68797207	      0.00000000	      0.00000000
    406.70581055	    963.29846191	    296.73281569	     13.55983257	      0.00000000	      0.00000000
    497.34317017	    953.25396729	    296.82669575	     13.35729408	      0.00000000	      0.00000000
    598.30627441	    942.15655518	    296.98256852	     13.03194714	      0.00000000	      0.00000000
    710.77154541	    929.90881348	    297.24957508	     12.53251362	      0.00000000	      0.00000000
    836.04931641	    916.41094971	    297.64506621	     11.91128159	      0.00000000	      0.00000000
    975.59924316	    901.55712891	    298.14551624	     11.27725506	      0.00000000	      0.00000000
   1131.04724121	    885.23736572	    298.72844162	     10.67715073	      0.00000000	      0.00000000
   1304.20446777	    867.33825684	    299.38429417	     10.10304546	      0.00000000	      0.00000000
   1497.08850098	    847.74407959	    300.11569735	      9.53098106	      0.00000000	      0.00000000
   1711.94665527	    826.33850098	    300.93018917	      8.94383335	      0.00000000	      0.00000000
   1951.28234863	    803.00927734	    301.84019490	      8.33530521	      0.00000000	      0.00000000
   2217.88403320	    777.65130615	    302.86998621	      7.70026970	      0.00000000	      0.00000000
   2514.85815430	    750.17022705	    304.04667746	      7.02958488	      0.00000000	      0.00000000
   2845.66479492	    720.49078369	    305.38446735	      6.31880140	      0.00000000	      0.00000000
   3214.15820312	    688.55981445	    306.89335085	      5.56857157	      0.00000000	      0.00000000
   3624.63183594	    654.35412598	    308.59329537	      4.78168964	      0.00000000	      0.00000000
   4081.86840820	    617.89129639	    310.50569930	      3.97117591	      0.00000000	      0.00000000
   4581.86816406	    579.93255615	    312.56407545	      3.19137883	      0.00000000	      0.00000000
   5081.86816406	    543.88665771	    314.50665111	      2.54107189	      0.00000000	      0.00000000
   5581.86816406	    509.65988159	    316.35723260	      1.99253285	      0.00000000	      0.00000000
   6081.86816406	    477.17297363	    318.15433110	      1.51697862	      0.00000000	      0.00000000
   6581.86816406	    446.35083008	    319.86695673	      1.11652577	      0.00000000	      0.00000000
   7081.86816406	    417.11706543	    321.41496235	      0.80418932	      0.00000000	      0.00000000
   7581.86816406	    389.39453125	    322.76250243	      0.57223082	      0.00000000	      0.00000000
   8081.86816406	    363.10977173	    323.91687142	      0.40170509	      0.00000000	      0.00000000
   8581.86816406	    338.19500732	    324.89302982	      0.27665412	      0.00000000	      0.00000000
   9081.86816406	    314.58731079	    325.69933989	      0.18696357	      0.00000000	      0.00000000
   9581.86816406	    292.22848511	    326.35784566	      0.12442580	      0.00000000	      0.00000000
  10081.86816406	    271.06576538	    326.91131745	      0.08185712	      0.00000000	      0.00000000
  10581.86816406	    251.05195618	    327.41689351	      0.05327599	      0.00000000	      0.00000000
  11081.86816406	    232.14520264	    327.94950538	      0.03412317	      0.00000000	      0.00000000
  11581.86816406	    214.30941772	    328.61494475	      0.02143763	      0.00000000	      0.00000000
  12081.86816406	    197.51478577	    329.58222988	      0.01332176	      0.00000000	      0.00000000
  12581.86816406	    181.73988342	    331.11466189	      0.00841279	      0.00000000	      0.00000000
  13081.86816406	    166.97334290	    333.61160740	      0.00562908	      0.00000000	      0.00000000
  13581.86816406	    153.21301270	    337.53624719	      0.00419254	      0.00000000	      0.00000000
  14081.86816406	    140.45883179	    343.20585612	      0.00361060	      0.00000000	      0.00000000
  14581.86816406	    128.70018005	    350.62341781	      0.00353660	      0.00000000	      0.00000000
  15081.86816406	    117.90737915	    359.51357688	      0.00376798	      0.00000000	      0.00000000
  15581.86816406	    108.03078461	    369.48976637	      0.00421463	      0.00000000	      0.00000000
  16081.86816406	     99.00733185	    380.18460467	      0.00477247	      0.00000000	      0.00000000
  16581.86718750	     90.76786804	    391.33153888	      0.00535005	      0.00000000	      0.00000000
  17081.86718750	     83.24364471	    402.79407694	      0.00585249	      0.00000000	      0.00000000
  17581.86718750	     76.37073517	    414.59376865	      0.00617032	      0.00000000	      0.00000000
  18081.86718750	     70.09328461	    427.03748544	      0.00623960	      0.00000000	      0.00000000
  18581.86718750	     64.36502838	    440.65715823	      0.00623870	      0.00000000	      0.00000000
  19081.86718750	     59.14420319	    455.35678160	      0.00623744	      0.00000000	      0.00000000
  19581.86718750	     54.38591003	    470.35218563	      0.00623948	      0.00000000	      0.00000000
  20081.86718750	     50.04234695	    485.03088672	      0.00625963	      0.00000000	      0.00000000
  20590.05468750	     46.00566483	    499.49427126	      0.00630817	      0.00000000	      0.00000000
  21149.06054688	     41.95860291	    515.19987851	      0.00638474	      0.00000000	      0.00000000
  21763.96679688	     37.93483734	    532.85973863	      0.00646550	      0.00000000	      0.00000000
  22440.36328125	     33.97292328	    553.17304468	      0.00651108	      0.00000000	      0.00000000
  23184.40039062	     30.11428642	    576.60195592	      0.00651188	      0.00000000	      0.00000000
  24002.83984375	     26.39949226	    603.36257529	      0.00651192	      0.00000000	      0.00000000
  24903.12304688	     22.86593246	    633.70690112	      0.00651299	      0.00000000	      0.00000000
  25893.43554688	     19.54754066	    668.25852466	      0.00651333	      0.00000000	      0.00000000
  26982.77929688	     16.47663879	    708.07116029	      0.00651259	      0.00000000	      0.00000000
