      z[m]      p[mb]      tp[K]    q[g/kg]     u[m/s]     v[m/s]
      0.00,         64,    1009.32
     25.00000000	   1006.44537354	    296.49869916	     14.22604465	      0.00000000	      0.00000000
     75.00000000	   1000.71569824	    296.45749075	     13.88162613	      0.00000000	      0.00000000
    127.84809875	    994.68328857	    296.49872107	     13.82135582	      0.00000000	      0.00000000
    186.71687317	    987.99517822	    296.54161014	     13.76185513	      0.00000000	      0.00000000
    252.29220581	    980.58374023	    296.58770032	     13.70043373	      0.00000000	      0.00000000
    325.33816528	    972.37561035	    296.63794174	     13.61156464	      0.00000000	      0.00000000
    406.70581055	    963.29150391	    296.70131909	     13.48505592	      0.00000000	      0.00000000
    497.34317017	    953.24560547	    296.79368465	     13.28644371	      0.00000000	      0.00000000
    598.30627441	    942.14648438	    296.94554111	     12.96868515	      0.00000000	      0.00000000
    710.77154541	    929.89685059	    297.20539476	     12.47875404	      0.00000000	      0.00000000
    836.04931641	    916.39685059	    297.59431225	     11.86013508	      0.00000000	      0.00000000
    975.59924316	    901.53936768	    298.09080663	     11.22341919	      0.00000000	      0.00000000
   1131.04724121	    885.21655273	    298.67128705	     10.62028408	      0.00000000	      0.00000000
   1304.20446777	    867.31372070	    299.32534175	     10.04501629	      0.00000000	      0.00000000
   1497.08850098	    847.71514893	    300.05514416	      9.47370243	      0.00000000	      0.00000000
   1711.94665527	    826.30541992	    300.86785177	      8.88903999	      0.00000000	      0.00000000
   1951.28234863	    802.97125244	    301.77597438	      8.28369808	      0.00000000	      0.00000000
   2217.88403320	    777.60766602	    302.80401769	      7.65211773	      0.00000000	      0.00000000
   2514.85815430	    750.12109375	    303.97791969	      6.98543167	      0.00000000	      0.00000000
   2845.66479492	    720.43579102	    305.31246971	      6.27751637	      0.00000000	      0.00000000
   3214.15820312	    688.49798584	    306.81933216	      5.52521133	      0.00000000	      0.00000000
   3624.63183594	    654.28540039	    308.52060259	      4.72817469	      0.00000000	      0.00000000
   4081.86840820	    617.81591797	    310.43962502	      3.90145326	      0.00000000	      0.00000000
   4581.86816406	    579.85162354	    312.50818178	      3.10684133	      0.00000000	      0.00000000
   5081.86816406	    543.80194092	    314.46403068	      2.44736314	      0.00000000	      0.00000000
   5581.86816406	    509.57312012	    316.33044244	      1.89461458	      0.00000000	      0.00000000
   6081.86816406	    477.08688354	    318.14524979	      1.42190111	      0.00000000	      0.00000000
   6581.86816406	    446.26690674	    319.87225400	      1.03409851	      0.00000000	      0.00000000
   7081.86816406	    417.03652954	    321.42512313	      0.74021995	      0.00000000	      0.00000000
   7581.86816406	    389.31741333	    322.76611364	      0.52626312	      0.00000000	      0.00000000
   8081.86816406	    363.03546143	    323.90512810	      0.37051141	      0.00000000	      0.00000000
   8581.86816406	    338.12243652	    324.86220208	      0.25674626	      0.00000000	      0.00000000
   9081.86816406	    314.51531982	    325.65054242	      0.17532103	      0.00000000	      0.00000000
   9581.86816406	    292.15628052	    326.29370128	      0.11823747	      0.00000000	      0.00000000
  10081.86816406	    270.99282837	    326.83429532	      0.07884305	      0.00000000	      0.00000000
  10581.86816406	    250.97807312	    327.32988238	      0.05192581	      0.00000000	      0.00000000
  11081.86816406	    232.07035828	    327.85584654	      0.03350957	      0.00000000	      0.00000000
  11581.86816406	    214.23361206	    328.52139036	      0.02108333	      0.00000000	      0.00000000
  12081.86816406	    197.43898010	    329.50141009	      0.01307197	      0.00000000	      0.00000000
  12581.86816406	    181.66546631	    331.06860420	      0.00826539	      0.00000000	      0.00000000
  13081.86816406	    166.90283203	    333.63356109	      0.00558581	      0.00000000	      0.00000000
  13581.86816406	    153.14961243	    337.66157840	      0.00422139	      0.00000000	      0.00000000
  14081.86816406	    140.40588379	    343.44888996	      0.00367842	      0.00000000	      0.00000000
  14581.86816406	    128.65989685	    350.95735911	      0.00362187	      0.00000000	      0.00000000
  15081.86816406	    117.87959290	    359.86683904	      0.00385538	      0.00000000	      0.00000000
  15581.86816406	    108.01284790	    369.75611713	      0.00428529	      0.00000000	      0.00000000
  16081.86816406	     98.99463654	    380.27187536	      0.00480493	      0.00000000	      0.00000000
  16581.86718750	     90.75589752	    391.24073628	      0.00532276	      0.00000000	      0.00000000
  17081.86718750	     83.23026276	    402.65139814	      0.00575006	      0.00000000	      0.00000000
  17581.86718750	     76.35678864	    414.57116899	      0.00599539	      0.00000000	      0.00000000
  18081.86718750	     70.08125305	    427.21379382	      0.00603519	      0.00000000	      0.00000000
  18581.86718750	     64.35697937	    440.99634263	      0.00603156	      0.00000000	      0.00000000
  19081.86718750	     59.14103699	    455.79772975	      0.00602844	      0.00000000	      0.00000000
  19581.86718750	     54.38768005	    470.87054936	      0.00603008	      0.00000000	      0.00000000
  20081.86718750	     50.04885864	    485.61141428	      0.00603488	      0.00000000	      0.00000000
  20590.05468750	     46.01654434	    500.11419486	      0.00604356	      0.00000000	      0.00000000
  21149.06054688	     41.97365570	    515.84458897	      0.00605805	      0.00000000	      0.00000000
  21763.96679688	     37.95361710	    533.49934534	      0.00607777	      0.00000000	      0.00000000
  22440.36328125	     33.99463272	    553.77364554	      0.00609667	      0.00000000	      0.00000000
  23184.40039062	     30.13809013	    577.18699590	      0.00610604	      0.00000000	      0.00000000
  24002.83984375	     26.42485428	    604.00859821	      0.00610674	      0.00000000	      0.00000000
  24903.12304688	     22.89262772	    634.46727679	      0.00610679	      0.00000000	      0.00000000
  25893.43554688	     19.57534981	    669.13756728	      0.00610685	      0.00000000	      0.00000000
  26982.77929688	     16.50521660	    709.08404712	      0.00610662	      0.00000000	      0.00000000
  10000.00,         64,    1009.32
     25.00000000	   1006.44537354	    296.49869916	     14.22604465	      0.00000000	      0.00000000
     75.00000000	   1000.71569824	    296.45749075	     13.88162613	      0.00000000	      0.00000000
    127.84809875	    994.68328857	    296.49872107	     13.82135582	      0.00000000	      0.00000000
    186.71687317	    987.99517822	    296.54161014	     13.76185513	      0.00000000	      0.00000000
    252.29220581	    980.58374023	    296.58770032	     13.70043373	      0.00000000	      0.00000000
    325.33816528	    972.37561035	    296.63794174	     13.61156464	      0.00000000	      0.00000000
    406.70581055	    963.29150391	    296.70131909	     13.48505592	      0.00000000	      0.00000000
    497.34317017	    953.24560547	    296.79368465	     13.28644371	      0.00000000	      0.00000000
    598.30627441	    942.14648438	    296.94554111	     12.96868515	      0.00000000	      0.00000000
    710.77154541	    929.89685059	    297.20539476	     12.47875404	      0.00000000	      0.00000000
    836.04931641	    916.39685059	    297.59431225	     11.86013508	      0.00000000	      0.00000000
    975.59924316	    901.53936768	    298.09080663	     11.22341919	      0.00000000	      0.00000000
   1131.04724121	    885.21655273	    298.67128705	     10.62028408	      0.00000000	      0.00000000
   1304.20446777	    867.31372070	    299.32534175	     10.04501629	      0.00000000	      0.00000000
   1497.08850098	    847.71514893	    300.05514416	      9.47370243	      0.00000000	      0.00000000
   1711.94665527	    826.30541992	    300.86785177	      8.88903999	      0.00000000	      0.00000000
   1951.28234863	    802.97125244	    301.77597438	      8.28369808	      0.00000000	      0.00000000
   2217.88403320	    777.60766602	    302.80401769	      7.65211773	      0.00000000	      0.00000000
   2514.85815430	    750.12109375	    303.97791969	      6.98543167	      0.00000000	      0.00000000
   2845.66479492	    720.43579102	    305.31246971	      6.27751637	      0.00000000	      0.00000000
   3214.15820312	    688.49798584	    306.81933216	      5.52521133	      0.00000000	      0.00000000
   3624.63183594	    654.28540039	    308.52060259	      4.72817469	      0.00000000	      0.00000000
   4081.86840820	    617.81591797	    310.43962502	      3.90145326	      0.00000000	      0.00000000
   4581.86816406	    579.85162354	    312.50818178	      3.10684133	      0.00000000	      0.00000000
   5081.86816406	    543.80194092	    314.46403068	      2.44736314	      0.00000000	      0.00000000
   5581.86816406	    509.57312012	    316.33044244	      1.89461458	      0.00000000	      0.00000000
   6081.86816406	    477.08688354	    318.14524979	      1.42190111	      0.00000000	      0.00000000
   6581.86816406	    446.26690674	    319.87225400	      1.03409851	      0.00000000	      0.00000000
   7081.86816406	    417.03652954	    321.42512313	      0.74021995	      0.00000000	      0.00000000
   7581.86816406	    389.31741333	    322.76611364	      0.52626312	      0.00000000	      0.00000000
   8081.86816406	    363.03546143	    323.90512810	      0.37051141	      0.00000000	      0.00000000
   8581.86816406	    338.12243652	    324.86220208	      0.25674626	      0.00000000	      0.00000000
   9081.86816406	    314.51531982	    325.65054242	      0.17532103	      0.00000000	      0.00000000
   9581.86816406	    292.15628052	    326.29370128	      0.11823747	      0.00000000	      0.00000000
  10081.86816406	    270.99282837	    326.83429532	      0.07884305	      0.00000000	      0.00000000
  10581.86816406	    250.97807312	    327.32988238	      0.05192581	      0.00000000	      0.00000000
  11081.86816406	    232.07035828	    327.85584654	      0.03350957	      0.00000000	      0.00000000
  11581.86816406	    214.23361206	    328.52139036	      0.02108333	      0.00000000	      0.00000000
  12081.86816406	    197.43898010	    329.50141009	      0.01307197	      0.00000000	      0.00000000
  12581.86816406	    181.66546631	    331.06860420	      0.00826539	      0.00000000	      0.00000000
  13081.86816406	    166.90283203	    333.63356109	      0.00558581	      0.00000000	      0.00000000
  13581.86816406	    153.14961243	    337.66157840	      0.00422139	      0.00000000	      0.00000000
  14081.86816406	    140.40588379	    343.44888996	      0.00367842	      0.00000000	      0.00000000
  14581.86816406	    128.65989685	    350.95735911	      0.00362187	      0.00000000	      0.00000000
  15081.86816406	    117.87959290	    359.86683904	      0.00385538	      0.00000000	      0.00000000
  15581.86816406	    108.01284790	    369.75611713	      0.00428529	      0.00000000	      0.00000000
  16081.86816406	     98.99463654	    380.27187536	      0.00480493	      0.00000000	      0.00000000
  16581.86718750	     90.75589752	    391.24073628	      0.00532276	      0.00000000	      0.00000000
  17081.86718750	     83.23026276	    402.65139814	      0.00575006	      0.00000000	      0.00000000
  17581.86718750	     76.35678864	    414.57116899	      0.00599539	      0.00000000	      0.00000000
  18081.86718750	     70.08125305	    427.21379382	      0.00603519	      0.00000000	      0.00000000
  18581.86718750	     64.35697937	    440.99634263	      0.00603156	      0.00000000	      0.00000000
  19081.86718750	     59.14103699	    455.79772975	      0.00602844	      0.00000000	      0.00000000
  19581.86718750	     54.38768005	    470.87054936	      0.00603008	      0.00000000	      0.00000000
  20081.86718750	     50.04885864	    485.61141428	      0.00603488	      0.00000000	      0.00000000
  20590.05468750	     46.01654434	    500.11419486	      0.00604356	      0.00000000	      0.00000000
  21149.06054688	     41.97365570	    515.84458897	      0.00605805	      0.00000000	      0.00000000
  21763.96679688	     37.95361710	    533.49934534	      0.00607777	      0.00000000	      0.00000000
  22440.36328125	     33.99463272	    553.77364554	      0.00609667	      0.00000000	      0.00000000
  23184.40039062	     30.13809013	    577.18699590	      0.00610604	      0.00000000	      0.00000000
  24002.83984375	     26.42485428	    604.00859821	      0.00610674	      0.00000000	      0.00000000
  24903.12304688	     22.89262772	    634.46727679	      0.00610679	      0.00000000	      0.00000000
  25893.43554688	     19.57534981	    669.13756728	      0.00610685	      0.00000000	      0.00000000
  26982.77929688	     16.50521660	    709.08404712	      0.00610662	      0.00000000	      0.00000000
