      z[m]      p[mb]      tp[K]    q[g/kg]     u[m/s]     v[m/s]
      0.00,         64,    1009.32
     25.00000000	   1006.44777316	    296.65450235	     14.39399306	      0.00000000	      0.00000000
     75.00000000	   1000.72168789	    296.58894369	     13.94501096	      0.00000000	      0.00000000
    127.84809875	    994.69332147	    296.62628251	     13.83758703	      0.00000000	      0.00000000
    186.71687317	    988.00927710	    296.67583616	     13.76758546	      0.00000000	      0.00000000
    252.29220581	    980.60253704	    296.73072060	     13.69675685	      0.00000000	      0.00000000
    325.33816528	    972.39991066	    296.79251202	     13.60016741	      0.00000000	      0.00000000
    406.70581055	    963.32203453	    296.86907274	     13.46332456	      0.00000000	      0.00000000
    497.34317017	    953.28337292	    296.97616060	     13.25421371	      0.00000000	      0.00000000
    598.30627441	    942.19248754	    297.14300122	     12.92939160	      0.00000000	      0.00000000
    710.77154541	    929.95280043	    297.41528798	     12.43812842	      0.00000000	      0.00000000
    836.04931641	    916.46340638	    297.81574800	     11.81515671	      0.00000000	      0.00000000
    975.59924316	    901.61909468	    298.32527936	     11.16167416	      0.00000000	      0.00000000
   1131.04724121	    885.31030542	    298.92481558	     10.52955601	      0.00000000	      0.00000000
   1304.20446777	    867.42384456	    299.60311696	      9.92624449	      0.00000000	      0.00000000
   1497.08850098	    847.84426050	    300.35623730	      9.34142448	      0.00000000	      0.00000000
   1711.94665527	    826.45595687	    301.18701030	      8.76093576	      0.00000000	      0.00000000
   1951.28234863	    803.14617502	    302.10707093	      8.17213117	      0.00000000	      0.00000000
   2217.88403320	    777.80909197	    303.13819009	      7.56442201	      0.00000000	      0.00000000
   2514.85815430	    750.35075396	    304.30691520	      6.92651926	      0.00000000	      0.00000000
   2845.66479492	    720.69456162	    305.63575831	      6.24779192	      0.00000000	      0.00000000
   3214.15820312	    688.78737914	    307.14564631	      5.52109602	      0.00000000	      0.00000000
   3624.63183594	    654.60689337	    308.85761813	      4.74659772	      0.00000000	      0.00000000
   4081.86840820	    618.17139401	    310.78678899	      3.94186571	      0.00000000	      0.00000000
   4581.86816406	    580.24155355	    312.87118085	      3.16304341	      0.00000000	      0.00000000
   5081.86816406	    544.22474326	    314.85984260	      2.50223404	      0.00000000	      0.00000000
   5581.86816406	    510.02838246	    316.76750100	      1.93767660	      0.00000000	      0.00000000
   6081.86816406	    477.57283940	    318.61023251	      1.45298140	      0.00000000	      0.00000000
   6581.86816406	    446.78090906	    320.34484076	      1.05474006	      0.00000000	      0.00000000
   7081.86816406	    417.57455679	    321.90601553	      0.75244106	      0.00000000	      0.00000000
   7581.86816406	    389.87655724	    323.26828838	      0.53458882	      0.00000000	      0.00000000
   8081.86816406	    363.61394882	    324.44290886	      0.37782161	      0.00000000	      0.00000000
   8581.86816406	    338.71922158	    325.44350092	      0.26327593	      0.00000000	      0.00000000
   9081.86816406	    315.12975015	    326.27935298	      0.18015330	      0.00000000	      0.00000000
   9581.86816406	    292.78770245	    326.97441758	      0.12131705	      0.00000000	      0.00000000
  10081.86816406	    271.64064315	    327.57435156	      0.08074486	      0.00000000	      0.00000000
  10581.86816406	    251.64178840	    328.13977942	      0.05325250	      0.00000000	      0.00000000
  11081.86816406	    232.74977085	    328.74505666	      0.03475652	      0.00000000	      0.00000000
  11581.86816406	    214.92829638	    329.48178943	      0.02245211	      0.00000000	      0.00000000
  12081.86816406	    198.14645978	    330.48883193	      0.01434810	      0.00000000	      0.00000000
  12581.86816406	    182.37972740	    331.97234044	      0.00911943	      0.00000000	      0.00000000
  13081.86816406	    167.61094809	    334.22948303	      0.00594867	      0.00000000	      0.00000000
  13581.86816406	    153.83072194	    337.65645548	      0.00421507	      0.00000000	      0.00000000
  14081.86816406	    141.03500699	    342.67176649	      0.00342162	      0.00000000	      0.00000000
  14581.86816406	    129.21758167	    349.52403936	      0.00322494	      0.00000000	      0.00000000
  15081.86816406	    118.35928492	    358.12518259	      0.00337645	      0.00000000	      0.00000000
  15581.86816406	    108.42111161	    368.09866835	      0.00377640	      0.00000000	      0.00000000
  16081.86816406	     99.34566590	    378.96491260	      0.00432756	      0.00000000	      0.00000000
  16581.86718750	     91.06468491	    390.32611065	      0.00495002	      0.00000000	      0.00000000
  17081.86718750	     83.50727795	    401.93229427	      0.00558420	      0.00000000	      0.00000000
  17581.86718750	     76.60610309	    413.71636855	      0.00616585	      0.00000000	      0.00000000
  18081.86718750	     70.30198423	    425.95333048	      0.00659250	      0.00000000	      0.00000000
  18581.86718750	     64.54851825	    439.51906816	      0.00675036	      0.00000000	      0.00000000
  19081.86718750	     59.30704467	    454.53660395	      0.00675381	      0.00000000	      0.00000000
  19581.86718750	     54.53448844	    469.99595672	      0.00671053	      0.00000000	      0.00000000
  20081.86718750	     50.18092817	    484.83503075	      0.00662658	      0.00000000	      0.00000000
  20590.05468750	     46.13385074	    498.86913225	      0.00648182	      0.00000000	      0.00000000
  21149.06054688	     42.07187720	    513.82352400	      0.00620478	      0.00000000	      0.00000000
  21763.96679688	     38.03031887	    531.31248688	      0.00567865	      0.00000000	      0.00000000
  22440.36328125	     34.05563475	    552.91612527	      0.00478229	      0.00000000	      0.00000000
  23184.40039062	     30.19921979	    579.44083677	      0.00349659	      0.00000000	      0.00000000
  24002.83984375	     26.50850896	    611.00910620	      0.00200703	      0.00000000	      0.00000000
  24903.12304688	     23.02289105	    647.85068237	      0.00070413	      0.00000000	      0.00000000
  25893.43554688	     19.77484611	    690.95269681	      0.00000826	      0.00000000	      0.00000000
  26982.77929688	     16.79030273	    740.53819579	      0.00000000	      0.00000000	      0.00000000
  10000.00,         64,    1009.32
     25.00000000	   1006.44777316	    296.65450235	     14.39399306	      0.00000000	      0.00000000
     75.00000000	   1000.72168789	    296.58894369	     13.94501096	      0.00000000	      0.00000000
    127.84809875	    994.69332147	    296.62628251	     13.83758703	      0.00000000	      0.00000000
    186.71687317	    988.00927710	    296.67583616	     13.76758546	      0.00000000	      0.00000000
    252.29220581	    980.60253704	    296.73072060	     13.69675685	      0.00000000	      0.00000000
    325.33816528	    972.39991066	    296.79251202	     13.60016741	      0.00000000	      0.00000000
    406.70581055	    963.32203453	    296.86907274	     13.46332456	      0.00000000	      0.00000000
    497.34317017	    953.28337292	    296.97616060	     13.25421371	      0.00000000	      0.00000000
    598.30627441	    942.19248754	    297.14300122	     12.92939160	      0.00000000	      0.00000000
    710.77154541	    929.95280043	    297.41528798	     12.43812842	      0.00000000	      0.00000000
    836.04931641	    916.46340638	    297.81574800	     11.81515671	      0.00000000	      0.00000000
    975.59924316	    901.61909468	    298.32527936	     11.16167416	      0.00000000	      0.00000000
   1131.04724121	    885.31030542	    298.92481558	     10.52955601	      0.00000000	      0.00000000
   1304.20446777	    867.42384456	    299.60311696	      9.92624449	      0.00000000	      0.00000000
   1497.08850098	    847.84426050	    300.35623730	      9.34142448	      0.00000000	      0.00000000
   1711.94665527	    826.45595687	    301.18701030	      8.76093576	      0.00000000	      0.00000000
   1951.28234863	    803.14617502	    302.10707093	      8.17213117	      0.00000000	      0.00000000
   2217.88403320	    777.80909197	    303.13819009	      7.56442201	      0.00000000	      0.00000000
   2514.85815430	    750.35075396	    304.30691520	      6.92651926	      0.00000000	      0.00000000
   2845.66479492	    720.69456162	    305.63575831	      6.24779192	      0.00000000	      0.00000000
   3214.15820312	    688.78737914	    307.14564631	      5.52109602	      0.00000000	      0.00000000
   3624.63183594	    654.60689337	    308.85761813	      4.74659772	      0.00000000	      0.00000000
   4081.86840820	    618.17139401	    310.78678899	      3.94186571	      0.00000000	      0.00000000
   4581.86816406	    580.24155355	    312.87118085	      3.16304341	      0.00000000	      0.00000000
   5081.86816406	    544.22474326	    314.85984260	      2.50223404	      0.00000000	      0.00000000
   5581.86816406	    510.02838246	    316.76750100	      1.93767660	      0.00000000	      0.00000000
   6081.86816406	    477.57283940	    318.61023251	      1.45298140	      0.00000000	      0.00000000
   6581.86816406	    446.78090906	    320.34484076	      1.05474006	      0.00000000	      0.00000000
   7081.86816406	    417.57455679	    321.90601553	      0.75244106	      0.00000000	      0.00000000
   7581.86816406	    389.87655724	    323.26828838	      0.53458882	      0.00000000	      0.00000000
   8081.86816406	    363.61394882	    324.44290886	      0.37782161	      0.00000000	      0.00000000
   8581.86816406	    338.71922158	    325.44350092	      0.26327593	      0.00000000	      0.00000000
   9081.86816406	    315.12975015	    326.27935298	      0.18015330	      0.00000000	      0.00000000
   9581.86816406	    292.78770245	    326.97441758	      0.12131705	      0.00000000	      0.00000000
  10081.86816406	    271.64064315	    327.57435156	      0.08074486	      0.00000000	      0.00000000
  10581.86816406	    251.64178840	    328.13977942	      0.05325250	      0.00000000	      0.00000000
  11081.86816406	    232.74977085	    328.74505666	      0.03475652	      0.00000000	      0.00000000
  11581.86816406	    214.92829638	    329.48178943	      0.02245211	      0.00000000	      0.00000000
  12081.86816406	    198.14645978	    330.48883193	      0.01434810	      0.00000000	      0.00000000
  12581.86816406	    182.37972740	    331.97234044	      0.00911943	      0.00000000	      0.00000000
  13081.86816406	    167.61094809	    334.22948303	      0.00594867	      0.00000000	      0.00000000
  13581.86816406	    153.83072194	    337.65645548	      0.00421507	      0.00000000	      0.00000000
  14081.86816406	    141.03500699	    342.67176649	      0.00342162	      0.00000000	      0.00000000
  14581.86816406	    129.21758167	    349.52403936	      0.00322494	      0.00000000	      0.00000000
  15081.86816406	    118.35928492	    358.12518259	      0.00337645	      0.00000000	      0.00000000
  15581.86816406	    108.42111161	    368.09866835	      0.00377640	      0.00000000	      0.00000000
  16081.86816406	     99.34566590	    378.96491260	      0.00432756	      0.00000000	      0.00000000
  16581.86718750	     91.06468491	    390.32611065	      0.00495002	      0.00000000	      0.00000000
  17081.86718750	     83.50727795	    401.93229427	      0.00558420	      0.00000000	      0.00000000
  17581.86718750	     76.60610309	    413.71636855	      0.00616585	      0.00000000	      0.00000000
  18081.86718750	     70.30198423	    425.95333048	      0.00659250	      0.00000000	      0.00000000
  18581.86718750	     64.54851825	    439.51906816	      0.00675036	      0.00000000	      0.00000000
  19081.86718750	     59.30704467	    454.53660395	      0.00675381	      0.00000000	      0.00000000
  19581.86718750	     54.53448844	    469.99595672	      0.00671053	      0.00000000	      0.00000000
  20081.86718750	     50.18092817	    484.83503075	      0.00662658	      0.00000000	      0.00000000
  20590.05468750	     46.13385074	    498.86913225	      0.00648182	      0.00000000	      0.00000000
  21149.06054688	     42.07187720	    513.82352400	      0.00620478	      0.00000000	      0.00000000
  21763.96679688	     38.03031887	    531.31248688	      0.00567865	      0.00000000	      0.00000000
  22440.36328125	     34.05563475	    552.91612527	      0.00478229	      0.00000000	      0.00000000
  23184.40039062	     30.19921979	    579.44083677	      0.00349659	      0.00000000	      0.00000000
  24002.83984375	     26.50850896	    611.00910620	      0.00200703	      0.00000000	      0.00000000
  24903.12304688	     23.02289105	    647.85068237	      0.00070413	      0.00000000	      0.00000000
  25893.43554688	     19.77484611	    690.95269681	      0.00000826	      0.00000000	      0.00000000
  26982.77929688	     16.79030273	    740.53819579	      0.00000000	      0.00000000	      0.00000000
