      z[m]      p[mb]      tp[K]    q[g/kg]     u[m/s]     v[m/s]
      0.00,         54,    1009.32
     75.00000000	   1000.69400354	    296.08459131	     13.18215525	      0.00000000	      0.00000000
    161.62500000	    990.80455640	    296.08052496	     12.84740011	      0.00000000	      0.00000000
    261.67691040	    979.46547441	    296.16314193	     12.68138825	      0.00000000	      0.00000000
    377.23678589	    966.48703166	    296.26876529	     12.50299097	      0.00000000	      0.00000000
    510.70849609	    951.65424869	    296.41319944	     12.24432853	      0.00000000	      0.00000000
    664.86828613	    934.73257368	    296.65837726	     11.80131250	      0.00000000	      0.00000000
    842.92291260	    915.47209979	    297.11944007	     11.06234455	      0.00000000	      0.00000000
   1048.57604980	    893.61220838	    297.83124300	     10.15937705	      0.00000000	      0.00000000
   1286.10498047	    868.88368618	    298.75236931	      9.25505070	      0.00000000	      0.00000000
   1560.45104980	    841.01149565	    299.83764920	      8.40404086	      0.00000000	      0.00000000
   1877.32104492	    809.72298024	    301.07793192	      7.58966156	      0.00000000	      0.00000000
   2243.30590820	    774.76289653	    302.50718853	      6.76616350	      0.00000000	      0.00000000
   2666.01904297	    735.91391807	    304.17629864	      5.89323978	      0.00000000	      0.00000000
   3154.25097656	    693.02149870	    306.13074923	      4.95293687	      0.00000000	      0.00000000
   3718.15991211	    646.02320023	    308.41418341	      3.95878179	      0.00000000	      0.00000000
   4369.47509766	    594.98545773	    311.06482556	      2.96173137	      0.00000000	      0.00000000
   5121.74414062	    540.14049822	    314.06970980	      2.03043586	      0.00000000	      0.00000000
   5990.61376953	    481.92078410	    317.34762193	      1.22911353	      0.00000000	      0.00000000
   6994.15917969	    421.03003354	    320.66119154	      0.63918057	      0.00000000	      0.00000000
   7994.15917969	    366.52254983	    323.22243933	      0.31877002	      0.00000000	      0.00000000
   8994.15820312	    317.55847556	    325.04187576	      0.15954472	      0.00000000	      0.00000000
   9994.15820312	    273.64987880	    326.34015274	      0.07886024	      0.00000000	      0.00000000
  10994.16015625	    234.41197425	    327.77703907	      0.03392318	      0.00000000	      0.00000000
  11994.16015625	    199.59671663	    330.92450761	      0.01020171	      0.00000000	      0.00000000
  12994.16015625	    169.07381629	    337.69916195	      0.00184976	      0.00000000	      0.00000000
  13994.16015625	    142.70754084	    348.99299364	      0.00154495	      0.00000000	      0.00000000
  14994.16015625	    120.23343113	    364.35980717	      0.00420585	      0.00000000	      0.00000000
  15994.16015625	    101.25072903	    382.84541102	      0.00753904	      0.00000000	      0.00000000
  16994.16015625	     85.30027723	    403.86429265	      0.01050987	      0.00000000	      0.00000000
  17994.16015625	     71.93707353	    427.29513071	      0.01316942	      0.00000000	      0.00000000
  18994.16015625	     60.75959703	    453.04052381	      0.01491144	      0.00000000	      0.00000000
  19994.16015625	     51.41185440	    480.61549564	      0.01526656	      0.00000000	      0.00000000
  20994.16015625	     43.57912966	    509.24757425	      0.01525441	      0.00000000	      0.00000000
  22054.16015625	     36.63745910	    540.31280651	      0.01520746	      0.00000000	      0.00000000
  23177.75976562	     30.53418166	    574.30946045	      0.01519098	      0.00000000	      0.00000000
  24368.76953125	     25.21375293	    611.97904533	      0.01519105	      0.00000000	      0.00000000
  25631.25000000	     20.61893300	    653.89260718	      0.01519463	      0.00000000	      0.00000000
  26969.47070312	     16.68979972	    700.64535993	      0.01519872	      0.00000000	      0.00000000
  28387.99023438	     13.36568917	    753.50522658	      0.01520175	      0.00000000	      0.00000000
  29887.99023438	     10.59444103	    814.38774714	      0.01520270	      0.00000000	      0.00000000
  31387.99023438	      8.42266698	    881.35715776	      0.01520132	      0.00000000	      0.00000000
  32887.98828125	      6.71912016	    956.04476838	      0.01519793	      0.00000000	      0.00000000
  34387.98828125	      5.38469357	   1043.48473929	      0.01519273	      0.00000000	      0.00000000
  35887.98828125	      4.34145449	   1144.97984170	      0.01518608	      0.00000000	      0.00000000
  37387.98828125	      3.52392055	   1255.03235383	      0.01517901	      0.00000000	      0.00000000
  38887.98828125	      2.87801407	   1367.26551433	      0.01517245	      0.00000000	      0.00000000
  40387.98828125	      2.36187644	   1476.60648171	      0.01516529	      0.00000000	      0.00000000
  41887.98828125	      1.94446933	   1579.72041789	      0.01515453	      0.00000000	      0.00000000
  43387.98828125	      1.60323363	   1675.25230559	      0.01513641	      0.00000000	      0.00000000
  44887.98828125	      1.32190968	   1764.35215882	      0.01509545	      0.00000000	      0.00000000
  46387.98828125	      1.08879232	   1850.76005527	      0.01501631	      0.00000000	      0.00000000
  47887.98828125	      0.89531251	   1939.25499852	      0.01490957	      0.00000000	      0.00000000
  49387.98828125	      0.73488870	   2033.22802510	      0.01479756	      0.00000000	      0.00000000
  50887.98828125	      0.60211461	   2132.68351008	      0.01468542	      0.00000000	      0.00000000
  10000.00,         54,    1009.32
     75.00000000	   1000.69400354	    296.08459131	     13.18215525	      0.00000000	      0.00000000
    161.62500000	    990.80455640	    296.08052496	     12.84740011	      0.00000000	      0.00000000
    261.67691040	    979.46547441	    296.16314193	     12.68138825	      0.00000000	      0.00000000
    377.23678589	    966.48703166	    296.26876529	     12.50299097	      0.00000000	      0.00000000
    510.70849609	    951.65424869	    296.41319944	     12.24432853	      0.00000000	      0.00000000
    664.86828613	    934.73257368	    296.65837726	     11.80131250	      0.00000000	      0.00000000
    842.92291260	    915.47209979	    297.11944007	     11.06234455	      0.00000000	      0.00000000
   1048.57604980	    893.61220838	    297.83124300	     10.15937705	      0.00000000	      0.00000000
   1286.10498047	    868.88368618	    298.75236931	      9.25505070	      0.00000000	      0.00000000
   1560.45104980	    841.01149565	    299.83764920	      8.40404086	      0.00000000	      0.00000000
   1877.32104492	    809.72298024	    301.07793192	      7.58966156	      0.00000000	      0.00000000
   2243.30590820	    774.76289653	    302.50718853	      6.76616350	      0.00000000	      0.00000000
   2666.01904297	    735.91391807	    304.17629864	      5.89323978	      0.00000000	      0.00000000
   3154.25097656	    693.02149870	    306.13074923	      4.95293687	      0.00000000	      0.00000000
   3718.15991211	    646.02320023	    308.41418341	      3.95878179	      0.00000000	      0.00000000
   4369.47509766	    594.98545773	    311.06482556	      2.96173137	      0.00000000	      0.00000000
   5121.74414062	    540.14049822	    314.06970980	      2.03043586	      0.00000000	      0.00000000
   5990.61376953	    481.92078410	    317.34762193	      1.22911353	      0.00000000	      0.00000000
   6994.15917969	    421.03003354	    320.66119154	      0.63918057	      0.00000000	      0.00000000
   7994.15917969	    366.52254983	    323.22243933	      0.31877002	      0.00000000	      0.00000000
   8994.15820312	    317.55847556	    325.04187576	      0.15954472	      0.00000000	      0.00000000
   9994.15820312	    273.64987880	    326.34015274	      0.07886024	      0.00000000	      0.00000000
  10994.16015625	    234.41197425	    327.77703907	      0.03392318	      0.00000000	      0.00000000
  11994.16015625	    199.59671663	    330.92450761	      0.01020171	      0.00000000	      0.00000000
  12994.16015625	    169.07381629	    337.69916195	      0.00184976	      0.00000000	      0.00000000
  13994.16015625	    142.70754084	    348.99299364	      0.00154495	      0.00000000	      0.00000000
  14994.16015625	    120.23343113	    364.35980717	      0.00420585	      0.00000000	      0.00000000
  15994.16015625	    101.25072903	    382.84541102	      0.00753904	      0.00000000	      0.00000000
  16994.16015625	     85.30027723	    403.86429265	      0.01050987	      0.00000000	      0.00000000
  17994.16015625	     71.93707353	    427.29513071	      0.01316942	      0.00000000	      0.00000000
  18994.16015625	     60.75959703	    453.04052381	      0.01491144	      0.00000000	      0.00000000
  19994.16015625	     51.41185440	    480.61549564	      0.01526656	      0.00000000	      0.00000000
  20994.16015625	     43.57912966	    509.24757425	      0.01525441	      0.00000000	      0.00000000
  22054.16015625	     36.63745910	    540.31280651	      0.01520746	      0.00000000	      0.00000000
  23177.75976562	     30.53418166	    574.30946045	      0.01519098	      0.00000000	      0.00000000
  24368.76953125	     25.21375293	    611.97904533	      0.01519105	      0.00000000	      0.00000000
  25631.25000000	     20.61893300	    653.89260718	      0.01519463	      0.00000000	      0.00000000
  26969.47070312	     16.68979972	    700.64535993	      0.01519872	      0.00000000	      0.00000000
  28387.99023438	     13.36568917	    753.50522658	      0.01520175	      0.00000000	      0.00000000
  29887.99023438	     10.59444103	    814.38774714	      0.01520270	      0.00000000	      0.00000000
  31387.99023438	      8.42266698	    881.35715776	      0.01520132	      0.00000000	      0.00000000
  32887.98828125	      6.71912016	    956.04476838	      0.01519793	      0.00000000	      0.00000000
  34387.98828125	      5.38469357	   1043.48473929	      0.01519273	      0.00000000	      0.00000000
  35887.98828125	      4.34145449	   1144.97984170	      0.01518608	      0.00000000	      0.00000000
  37387.98828125	      3.52392055	   1255.03235383	      0.01517901	      0.00000000	      0.00000000
  38887.98828125	      2.87801407	   1367.26551433	      0.01517245	      0.00000000	      0.00000000
  40387.98828125	      2.36187644	   1476.60648171	      0.01516529	      0.00000000	      0.00000000
  41887.98828125	      1.94446933	   1579.72041789	      0.01515453	      0.00000000	      0.00000000
  43387.98828125	      1.60323363	   1675.25230559	      0.01513641	      0.00000000	      0.00000000
  44887.98828125	      1.32190968	   1764.35215882	      0.01509545	      0.00000000	      0.00000000
  46387.98828125	      1.08879232	   1850.76005527	      0.01501631	      0.00000000	      0.00000000
  47887.98828125	      0.89531251	   1939.25499852	      0.01490957	      0.00000000	      0.00000000
  49387.98828125	      0.73488870	   2033.22802510	      0.01479756	      0.00000000	      0.00000000
  50887.98828125	      0.60211461	   2132.68351008	      0.01468542	      0.00000000	      0.00000000
