      z[m]      p[mb]      tp[K]    q[g/kg]     u[m/s]     v[m/s]
      0.00,         64,    1009.32
     25.00000000	   1006.44754644	    296.71828157	     14.18639040	      0.00000000	      0.00000000
     75.00000000	   1000.72023718	    296.60176079	     13.57461053	      0.00000000	      0.00000000
    127.84809875	    994.68944889	    296.62337258	     13.37633788	      0.00000000	      0.00000000
    186.71687317	    988.00233776	    296.67482472	     13.27996045	      0.00000000	      0.00000000
    252.29220581	    980.59220900	    296.73505289	     13.19297064	      0.00000000	      0.00000000
    325.33816528	    972.38596655	    296.80385554	     13.09122821	      0.00000000	      0.00000000
    406.70581055	    963.30429469	    296.88601769	     12.95654960	      0.00000000	      0.00000000
    497.34317017	    953.26162601	    296.99386707	     12.76391928	      0.00000000	      0.00000000
    598.30627441	    942.16634225	    297.14949471	     12.48025302	      0.00000000	      0.00000000
    710.77154541	    929.92140709	    297.39253159	     12.05615689	      0.00000000	      0.00000000
    836.04931641	    916.42539487	    297.76178136	     11.48177390	      0.00000000	      0.00000000
    975.59924316	    901.57297369	    298.25542860	     10.83418303	      0.00000000	      0.00000000
   1131.04724121	    885.25489930	    298.85536855	     10.17949149	      0.00000000	      0.00000000
   1304.20446777	    867.35845563	    299.54519025	      9.54123439	      0.00000000	      0.00000000
   1497.08850098	    847.76855613	    300.31300403	      8.92025947	      0.00000000	      0.00000000
   1711.94665527	    826.36977513	    301.15844644	      8.30455439	      0.00000000	      0.00000000
   1951.28234863	    803.04936641	    302.09073303	      7.68220266	      0.00000000	      0.00000000
   2217.88403320	    777.70112690	    303.12377176	      7.04559443	      0.00000000	      0.00000000
   2514.85815430	    750.22992848	    304.27482209	      6.38698816	      0.00000000	      0.00000000
   2845.66479492	    720.55734410	    305.56552462	      5.69683491	      0.00000000	      0.00000000
   3214.15820312	    688.62828461	    307.01961938	      4.97045899	      0.00000000	      0.00000000
   3624.63183594	    654.41911654	    308.66916873	      4.21061556	      0.00000000	      0.00000000
   4081.86840820	    617.94882571	    310.55136835	      3.43712492	      0.00000000	      0.00000000
   4581.86816406	    579.98254288	    312.62729473	      2.70429129	      0.00000000	      0.00000000
   5081.86816406	    543.93522679	    314.63720206	      2.09223502	      0.00000000	      0.00000000
   5581.86816406	    509.71513518	    316.56116909	      1.58179343	      0.00000000	      0.00000000
   6081.86816406	    477.24073724	    318.39783578	      1.16441640	      0.00000000	      0.00000000
   6581.86816406	    446.43297348	    320.11530159	      0.84102504	      0.00000000	      0.00000000
   7081.86816406	    417.21344387	    321.66738350	      0.60423192	      0.00000000	      0.00000000
   7581.86816406	    389.50528445	    323.03110231	      0.43282769	      0.00000000	      0.00000000
   8081.86816406	    363.23530085	    324.20432664	      0.30663802	      0.00000000	      0.00000000
   8581.86816406	    338.33511527	    325.19460112	      0.21432288	      0.00000000	      0.00000000
   9081.86816406	    314.74145306	    326.01676363	      0.14900999	      0.00000000	      0.00000000
   9581.86816406	    292.39646120	    326.70347553	      0.10371193	      0.00000000	      0.00000000
  10081.86816406	    271.24814717	    327.30659882	      0.07212585	      0.00000000	      0.00000000
  10581.86816406	    251.25031600	    327.88886032	      0.04970860	      0.00000000	      0.00000000
  11081.86816406	    232.36214253	    328.52590543	      0.03362837	      0.00000000	      0.00000000
  11581.86816406	    214.54826767	    329.32859572	      0.02220487	      0.00000000	      0.00000000
  12081.86816406	    197.78023945	    330.48918307	      0.01427951	      0.00000000	      0.00000000
  12581.86816406	    182.03802520	    332.28109773	      0.00915363	      0.00000000	      0.00000000
  13081.86816406	    167.30943281	    335.02485631	      0.00618530	      0.00000000	      0.00000000
  13581.86816406	    153.58701669	    339.04396996	      0.00463519	      0.00000000	      0.00000000
  14081.86816406	    140.86264558	    344.58663366	      0.00393441	      0.00000000	      0.00000000
  14581.86816406	    129.12051670	    351.73494779	      0.00375501	      0.00000000	      0.00000000
  15081.86816406	    118.33107668	    360.35889755	      0.00388712	      0.00000000	      0.00000000
  15581.86816406	    108.44847034	    370.13347580	      0.00421147	      0.00000000	      0.00000000
  16081.86816406	     99.41236880	    380.61358034	      0.00459737	      0.00000000	      0.00000000
  16581.86718750	     91.15338527	    391.36440924	      0.00493507	      0.00000000	      0.00000000
  17081.86718750	     83.60048061	    402.14531601	      0.00514962	      0.00000000	      0.00000000
  17581.86718750	     76.68907444	    413.12956276	      0.00521218	      0.00000000	      0.00000000
  18081.86718750	     70.36830922	    425.14355400	      0.00521121	      0.00000000	      0.00000000
  18581.86718750	     64.60399471	    439.48935692	      0.00520146	      0.00000000	      0.00000000
  19081.86718750	     59.36456787	    455.74998209	      0.00519482	      0.00000000	      0.00000000
  19581.86718750	     54.60400752	    472.10084027	      0.00519287	      0.00000000	      0.00000000
  20081.86718750	     50.26650558	    487.52667618	      0.00519338	      0.00000000	      0.00000000
  20590.05468750	     46.23772139	    502.28539914	      0.00519464	      0.00000000	      0.00000000
  21149.06054688	     42.19754945	    518.02370063	      0.00519590	      0.00000000	      0.00000000
  21763.96679688	     38.17774240	    535.58034796	      0.00519662	      0.00000000	      0.00000000
  22440.36328125	     34.21647600	    555.87296716	      0.00519671	      0.00000000	      0.00000000
  23184.40039062	     30.35597093	    579.46368489	      0.00519669	      0.00000000	      0.00000000
  24002.83984375	     26.63776402	    606.57436652	      0.00519673	      0.00000000	      0.00000000
  24903.12304688	     23.10006032	    637.52125203	      0.00519674	      0.00000000	      0.00000000
  25893.43554688	     19.77746280	    672.98178269	      0.00519674	      0.00000000	      0.00000000
  26982.77929688	     16.70214150	    713.82262243	      0.00519673	      0.00000000	      0.00000000
  10000.00,         64,    1009.32
     25.00000000	   1006.44754644	    296.71828157	     14.18639040	      0.00000000	      0.00000000
     75.00000000	   1000.72023718	    296.60176079	     13.57461053	      0.00000000	      0.00000000
    127.84809875	    994.68944889	    296.62337258	     13.37633788	      0.00000000	      0.00000000
    186.71687317	    988.00233776	    296.67482472	     13.27996045	      0.00000000	      0.00000000
    252.29220581	    980.59220900	    296.73505289	     13.19297064	      0.00000000	      0.00000000
    325.33816528	    972.38596655	    296.80385554	     13.09122821	      0.00000000	      0.00000000
    406.70581055	    963.30429469	    296.88601769	     12.95654960	      0.00000000	      0.00000000
    497.34317017	    953.26162601	    296.99386707	     12.76391928	      0.00000000	      0.00000000
    598.30627441	    942.16634225	    297.14949471	     12.48025302	      0.00000000	      0.00000000
    710.77154541	    929.92140709	    297.39253159	     12.05615689	      0.00000000	      0.00000000
    836.04931641	    916.42539487	    297.76178136	     11.48177390	      0.00000000	      0.00000000
    975.59924316	    901.57297369	    298.25542860	     10.83418303	      0.00000000	      0.00000000
   1131.04724121	    885.25489930	    298.85536855	     10.17949149	      0.00000000	      0.00000000
   1304.20446777	    867.35845563	    299.54519025	      9.54123439	      0.00000000	      0.00000000
   1497.08850098	    847.76855613	    300.31300403	      8.92025947	      0.00000000	      0.00000000
   1711.94665527	    826.36977513	    301.15844644	      8.30455439	      0.00000000	      0.00000000
   1951.28234863	    803.04936641	    302.09073303	      7.68220266	      0.00000000	      0.00000000
   2217.88403320	    777.70112690	    303.12377176	      7.04559443	      0.00000000	      0.00000000
   2514.85815430	    750.22992848	    304.27482209	      6.38698816	      0.00000000	      0.00000000
   2845.66479492	    720.55734410	    305.56552462	      5.69683491	      0.00000000	      0.00000000
   3214.15820312	    688.62828461	    307.01961938	      4.97045899	      0.00000000	      0.00000000
   3624.63183594	    654.41911654	    308.66916873	      4.21061556	      0.00000000	      0.00000000
   4081.86840820	    617.94882571	    310.55136835	      3.43712492	      0.00000000	      0.00000000
   4581.86816406	    579.98254288	    312.62729473	      2.70429129	      0.00000000	      0.00000000
   5081.86816406	    543.93522679	    314.63720206	      2.09223502	      0.00000000	      0.00000000
   5581.86816406	    509.71513518	    316.56116909	      1.58179343	      0.00000000	      0.00000000
   6081.86816406	    477.24073724	    318.39783578	      1.16441640	      0.00000000	      0.00000000
   6581.86816406	    446.43297348	    320.11530159	      0.84102504	      0.00000000	      0.00000000
   7081.86816406	    417.21344387	    321.66738350	      0.60423192	      0.00000000	      0.00000000
   7581.86816406	    389.50528445	    323.03110231	      0.43282769	      0.00000000	      0.00000000
   8081.86816406	    363.23530085	    324.20432664	      0.30663802	      0.00000000	      0.00000000
   8581.86816406	    338.33511527	    325.19460112	      0.21432288	      0.00000000	      0.00000000
   9081.86816406	    314.74145306	    326.01676363	      0.14900999	      0.00000000	      0.00000000
   9581.86816406	    292.39646120	    326.70347553	      0.10371193	      0.00000000	      0.00000000
  10081.86816406	    271.24814717	    327.30659882	      0.07212585	      0.00000000	      0.00000000
  10581.86816406	    251.25031600	    327.88886032	      0.04970860	      0.00000000	      0.00000000
  11081.86816406	    232.36214253	    328.52590543	      0.03362837	      0.00000000	      0.00000000
  11581.86816406	    214.54826767	    329.32859572	      0.02220487	      0.00000000	      0.00000000
  12081.86816406	    197.78023945	    330.48918307	      0.01427951	      0.00000000	      0.00000000
  12581.86816406	    182.03802520	    332.28109773	      0.00915363	      0.00000000	      0.00000000
  13081.86816406	    167.30943281	    335.02485631	      0.00618530	      0.00000000	      0.00000000
  13581.86816406	    153.58701669	    339.04396996	      0.00463519	      0.00000000	      0.00000000
  14081.86816406	    140.86264558	    344.58663366	      0.00393441	      0.00000000	      0.00000000
  14581.86816406	    129.12051670	    351.73494779	      0.00375501	      0.00000000	      0.00000000
  15081.86816406	    118.33107668	    360.35889755	      0.00388712	      0.00000000	      0.00000000
  15581.86816406	    108.44847034	    370.13347580	      0.00421147	      0.00000000	      0.00000000
  16081.86816406	     99.41236880	    380.61358034	      0.00459737	      0.00000000	      0.00000000
  16581.86718750	     91.15338527	    391.36440924	      0.00493507	      0.00000000	      0.00000000
  17081.86718750	     83.60048061	    402.14531601	      0.00514962	      0.00000000	      0.00000000
  17581.86718750	     76.68907444	    413.12956276	      0.00521218	      0.00000000	      0.00000000
  18081.86718750	     70.36830922	    425.14355400	      0.00521121	      0.00000000	      0.00000000
  18581.86718750	     64.60399471	    439.48935692	      0.00520146	      0.00000000	      0.00000000
  19081.86718750	     59.36456787	    455.74998209	      0.00519482	      0.00000000	      0.00000000
  19581.86718750	     54.60400752	    472.10084027	      0.00519287	      0.00000000	      0.00000000
  20081.86718750	     50.26650558	    487.52667618	      0.00519338	      0.00000000	      0.00000000
  20590.05468750	     46.23772139	    502.28539914	      0.00519464	      0.00000000	      0.00000000
  21149.06054688	     42.19754945	    518.02370063	      0.00519590	      0.00000000	      0.00000000
  21763.96679688	     38.17774240	    535.58034796	      0.00519662	      0.00000000	      0.00000000
  22440.36328125	     34.21647600	    555.87296716	      0.00519671	      0.00000000	      0.00000000
  23184.40039062	     30.35597093	    579.46368489	      0.00519669	      0.00000000	      0.00000000
  24002.83984375	     26.63776402	    606.57436652	      0.00519673	      0.00000000	      0.00000000
  24903.12304688	     23.10006032	    637.52125203	      0.00519674	      0.00000000	      0.00000000
  25893.43554688	     19.77746280	    672.98178269	      0.00519674	      0.00000000	      0.00000000
  26982.77929688	     16.70214150	    713.82262243	      0.00519673	      0.00000000	      0.00000000
