      z[m]      p[mb]      tp[K]    q[g/kg]     u[m/s]     v[m/s]
      0.00,         28,    1009.32
     66.35856628	   1001.67786594	    295.96492035	     13.06311137	      0.00000000	      0.00000000
    212.21609497	    985.04178445	    295.99843829	     12.69476534	      0.00000000	      0.00000000
    383.95980835	    965.70906653	    296.15727034	     12.47051748	      0.00000000	      0.00000000
    580.98242188	    943.87657859	    296.39681193	     12.04304148	      0.00000000	      0.00000000
    802.94232178	    919.72589563	    296.88046598	     11.24162458	      0.00000000	      0.00000000
   1049.62597656	    893.44912556	    297.70012096	     10.19647992	      0.00000000	      0.00000000
   1320.76403809	    865.24873083	    298.73550971	      9.21216782	      0.00000000	      0.00000000
   1716.45898438	    825.35545430	    300.31799550	      8.07166686	      0.00000000	      0.00000000
   2333.58300781	    766.11463198	    302.89456632	      6.56359382	      0.00000000	      0.00000000
   3163.64599609	    691.95294504	    306.37536698	      4.81260158	      0.00000000	      0.00000000
   4195.30810547	    608.03793792	    310.58467839	      3.08120476	      0.00000000	      0.00000000
   5398.39013672	    520.82412090	    315.29500158	      1.65324175	      0.00000000	      0.00000000
   6655.89111328	    440.73198867	    319.68755256	      0.75646453	      0.00000000	      0.00000000
   7873.84082031	    372.72337783	    323.01933370	      0.32730926	      0.00000000	      0.00000000
   9050.42382812	    314.94083386	    325.23145634	      0.14837246	      0.00000000	      0.00000000
  10184.29003906	    265.85608473	    326.65989265	      0.06811170	      0.00000000	      0.00000000
  11275.59960938	    224.20869063	    328.35440874	      0.02610373	      0.00000000	      0.00000000
  12329.95019531	    188.90547542	    332.44701392	      0.00842598	      0.00000000	      0.00000000
  13348.45996094	    159.28058965	    340.84416030	      0.00571219	      0.00000000	      0.00000000
  14344.48046875	    134.41405558	    353.99592345	      0.00633756	      0.00000000	      0.00000000
  15342.76953125	    113.26246656	    371.11693594	      0.00730422	      0.00000000	      0.00000000
  16352.05957031	     95.25444377	    390.45675698	      0.00829889	      0.00000000	      0.00000000
  17380.08984375	     79.83351339	    410.35753986	      0.00902953	      0.00000000	      0.00000000
  18683.19921875	     63.73348529	    435.42719313	      0.00956330	      0.00000000	      0.00000000
  20526.05078125	     46.21920807	    473.26020967	      0.00976560	      0.00000000	      0.00000000
  22972.43945312	     30.04913587	    531.26245580	      0.00975901	      0.00000000	      0.00000000
  26213.09960938	     16.90312377	    621.85528909	      0.00973175	      0.00000000	      0.00000000
  30354.50000000	      8.08818704	    760.80571353	      0.00970614	      0.00000000	      0.00000000
  10000.00,         28,    1009.32
     66.35856628	   1001.67786594	    295.96492035	     13.06311137	      0.00000000	      0.00000000
    212.21609497	    985.04178445	    295.99843829	     12.69476534	      0.00000000	      0.00000000
    383.95980835	    965.70906653	    296.15727034	     12.47051748	      0.00000000	      0.00000000
    580.98242188	    943.87657859	    296.39681193	     12.04304148	      0.00000000	      0.00000000
    802.94232178	    919.72589563	    296.88046598	     11.24162458	      0.00000000	      0.00000000
   1049.62597656	    893.44912556	    297.70012096	     10.19647992	      0.00000000	      0.00000000
   1320.76403809	    865.24873083	    298.73550971	      9.21216782	      0.00000000	      0.00000000
   1716.45898438	    825.35545430	    300.31799550	      8.07166686	      0.00000000	      0.00000000
   2333.58300781	    766.11463198	    302.89456632	      6.56359382	      0.00000000	      0.00000000
   3163.64599609	    691.95294504	    306.37536698	      4.81260158	      0.00000000	      0.00000000
   4195.30810547	    608.03793792	    310.58467839	      3.08120476	      0.00000000	      0.00000000
   5398.39013672	    520.82412090	    315.29500158	      1.65324175	      0.00000000	      0.00000000
   6655.89111328	    440.73198867	    319.68755256	      0.75646453	      0.00000000	      0.00000000
   7873.84082031	    372.72337783	    323.01933370	      0.32730926	      0.00000000	      0.00000000
   9050.42382812	    314.94083386	    325.23145634	      0.14837246	      0.00000000	      0.00000000
  10184.29003906	    265.85608473	    326.65989265	      0.06811170	      0.00000000	      0.00000000
  11275.59960938	    224.20869063	    328.35440874	      0.02610373	      0.00000000	      0.00000000
  12329.95019531	    188.90547542	    332.44701392	      0.00842598	      0.00000000	      0.00000000
  13348.45996094	    159.28058965	    340.84416030	      0.00571219	      0.00000000	      0.00000000
  14344.48046875	    134.41405558	    353.99592345	      0.00633756	      0.00000000	      0.00000000
  15342.76953125	    113.26246656	    371.11693594	      0.00730422	      0.00000000	      0.00000000
  16352.05957031	     95.25444377	    390.45675698	      0.00829889	      0.00000000	      0.00000000
  17380.08984375	     79.83351339	    410.35753986	      0.00902953	      0.00000000	      0.00000000
  18683.19921875	     63.73348529	    435.42719313	      0.00956330	      0.00000000	      0.00000000
  20526.05078125	     46.21920807	    473.26020967	      0.00976560	      0.00000000	      0.00000000
  22972.43945312	     30.04913587	    531.26245580	      0.00975901	      0.00000000	      0.00000000
  26213.09960938	     16.90312377	    621.85528909	      0.00973175	      0.00000000	      0.00000000
  30354.50000000	      8.08818704	    760.80571353	      0.00970614	      0.00000000	      0.00000000
