      z[m]      p[mb]      tp[K]    q[g/kg]     u[m/s]     v[m/s]
      0.00,         64,    1009.32
     25.00000000	   1006.44537354	    296.51508749	     14.21418953	      0.00000000	      0.00000000
     75.00000000	   1000.71618652	    296.47233984	     13.87078476	      0.00000000	      0.00000000
    127.84809875	    994.68353271	    296.51260764	     13.81242466	      0.00000000	      0.00000000
    186.71687317	    987.99554443	    296.55517685	     13.75540161	      0.00000000	      0.00000000
    252.29220581	    980.58532715	    296.60089054	     13.69658661	      0.00000000	      0.00000000
    325.33816528	    972.37713623	    296.65094973	     13.61024570	      0.00000000	      0.00000000
    406.70581055	    963.29351807	    296.71390411	     13.48611736	      0.00000000	      0.00000000
    497.34317017	    953.24822998	    296.80539539	     13.29030132	      0.00000000	      0.00000000
    598.30627441	    942.14929199	    296.95609581	     12.97476578	      0.00000000	      0.00000000
    710.77154541	    929.90032959	    297.21501403	     12.48274612	      0.00000000	      0.00000000
    836.04931641	    916.40032959	    297.60606445	     11.85266209	      0.00000000	      0.00000000
    975.59924316	    901.54376221	    298.10525426	     11.20324612	      0.00000000	      0.00000000
   1131.04724121	    885.22131348	    298.68710151	     10.59217453	      0.00000000	      0.00000000
   1304.20446777	    867.31884766	    299.34149283	     10.01292801	      0.00000000	      0.00000000
   1497.08850098	    847.72088623	    300.07164785	      9.43902302	      0.00000000	      0.00000000
   1711.94665527	    826.31170654	    300.88482823	      8.85223198	      0.00000000	      0.00000000
   1951.28234863	    802.97845459	    301.79324011	      8.24518871	      0.00000000	      0.00000000
   2217.88403320	    777.61541748	    302.82131820	      7.61232901	      0.00000000	      0.00000000
   2514.85815430	    750.12969971	    303.99518064	      6.94492006	      0.00000000	      0.00000000
   2845.66479492	    720.44451904	    305.33028252	      6.23822451	      0.00000000	      0.00000000
   3214.15820312	    688.50830078	    306.83839413	      5.49169683	      0.00000000	      0.00000000
   3624.63183594	    654.29669189	    308.54016001	      4.70748711	      0.00000000	      0.00000000
   4081.86840820	    617.82873535	    310.45606303	      3.90045786	      0.00000000	      0.00000000
   4581.86816406	    579.86572266	    312.51838284	      3.12758517	      0.00000000	      0.00000000
   5081.86816406	    543.81665039	    314.46707949	      2.48500633	      0.00000000	      0.00000000
   5581.86816406	    509.58813477	    316.32533609	      1.94360948	      0.00000000	      0.00000000
   6081.86816406	    477.10086060	    318.13006217	      1.47498000	      0.00000000	      0.00000000
   6581.86816406	    446.27954102	    319.85073751	      1.08248365	      0.00000000	      0.00000000
   7081.86816406	    417.04766846	    321.40822584	      0.77824241	      0.00000000	      0.00000000
   7581.86816406	    389.32788086	    322.76578805	      0.55330950	      0.00000000	      0.00000000
   8081.86816406	    363.04663086	    323.92934614	      0.38811809	      0.00000000	      0.00000000
   8581.86816406	    338.13616943	    324.91472272	      0.26680446	      0.00000000	      0.00000000
   9081.86816406	    314.53320312	    325.73224235	      0.17970510	      0.00000000	      0.00000000
   9581.86816406	    292.17968750	    326.40387825	      0.11920606	      0.00000000	      0.00000000
  10081.86816406	    271.02285767	    326.97257973	      0.07847238	      0.00000000	      0.00000000
  10581.86816406	    251.01560974	    327.49808525	      0.05141575	      0.00000000	      0.00000000
  11081.86816406	    232.11622620	    328.05901423	      0.03331850	      0.00000000	      0.00000000
  11581.86816406	    214.28872681	    328.76344623	      0.02127849	      0.00000000	      0.00000000
  12081.86816406	    197.50384521	    329.77863749	      0.01346435	      0.00000000	      0.00000000
  12581.86816406	    181.73976135	    331.35794448	      0.00859281	      0.00000000	      0.00000000
  13081.86816406	    166.98419189	    333.87718886	      0.00575125	      0.00000000	      0.00000000
  13581.86816406	    153.23320007	    337.77178882	      0.00426271	      0.00000000	      0.00000000
  14081.86816406	    140.48469543	    343.35160637	      0.00363895	      0.00000000	      0.00000000
  14581.86816406	    128.72744751	    350.65402963	      0.00353514	      0.00000000	      0.00000000
  15081.86816406	    117.93254089	    359.45321226	      0.00374676	      0.00000000	      0.00000000
  15581.86816406	    108.05238342	    369.38852214	      0.00419232	      0.00000000	      0.00000000
  16081.86816406	     99.02525330	    380.08284584	      0.00477337	      0.00000000	      0.00000000
  16581.86718750	     90.78275299	    391.24839495	      0.00540290	      0.00000000	      0.00000000
  17081.86718750	     83.25630188	    402.73179069	      0.00599178	      0.00000000	      0.00000000
  17581.86718750	     76.38169098	    414.53794034	      0.00643080	      0.00000000	      0.00000000
  18081.86718750	     70.10261536	    426.95896786	      0.00662407	      0.00000000	      0.00000000
  18581.86718750	     64.37258148	    440.54564421	      0.00663238	      0.00000000	      0.00000000
  19081.86718750	     59.14985275	    455.20711472	      0.00662892	      0.00000000	      0.00000000
  19581.86718750	     54.38962936	    470.17839349	      0.00662934	      0.00000000	      0.00000000
  20081.86718750	     50.04434204	    484.86325478	      0.00663503	      0.00000000	      0.00000000
  20590.05468750	     46.00629807	    499.35392655	      0.00665236	      0.00000000	      0.00000000
  21149.06054688	     41.95826340	    515.09741616	      0.00668290	      0.00000000	      0.00000000
  21763.96679688	     37.93387604	    532.78937611	      0.00671764	      0.00000000	      0.00000000
  22440.36328125	     33.97155762	    553.10140545	      0.00674005	      0.00000000	      0.00000000
  23184.40039062	     30.11243629	    576.49554755	      0.00674222	      0.00000000	      0.00000000
  24002.83984375	     26.39705849	    603.21476529	      0.00674226	      0.00000000	      0.00000000
  24903.12304688	     22.86284256	    633.52514525	      0.00674260	      0.00000000	      0.00000000
  25893.43554688	     19.54381180	    668.03998193	      0.00674272	      0.00000000	      0.00000000
  26982.77929688	     16.47233582	    707.81091275	      0.00674247	      0.00000000	      0.00000000
  10000.00,         64,    1009.32
     25.00000000	   1006.44537354	    296.51508749	     14.21418953	      0.00000000	      0.00000000
     75.00000000	   1000.71618652	    296.47233984	     13.87078476	      0.00000000	      0.00000000
    127.84809875	    994.68353271	    296.51260764	     13.81242466	      0.00000000	      0.00000000
    186.71687317	    987.99554443	    296.55517685	     13.75540161	      0.00000000	      0.00000000
    252.29220581	    980.58532715	    296.60089054	     13.69658661	      0.00000000	      0.00000000
    325.33816528	    972.37713623	    296.65094973	     13.61024570	      0.00000000	      0.00000000
    406.70581055	    963.29351807	    296.71390411	     13.48611736	      0.00000000	      0.00000000
    497.34317017	    953.24822998	    296.80539539	     13.29030132	      0.00000000	      0.00000000
    598.30627441	    942.14929199	    296.95609581	     12.97476578	      0.00000000	      0.00000000
    710.77154541	    929.90032959	    297.21501403	     12.48274612	      0.00000000	      0.00000000
    836.04931641	    916.40032959	    297.60606445	     11.85266209	      0.00000000	      0.00000000
    975.59924316	    901.54376221	    298.10525426	     11.20324612	      0.00000000	      0.00000000
   1131.04724121	    885.22131348	    298.68710151	     10.59217453	      0.00000000	      0.00000000
   1304.20446777	    867.31884766	    299.34149283	     10.01292801	      0.00000000	      0.00000000
   1497.08850098	    847.72088623	    300.07164785	      9.43902302	      0.00000000	      0.00000000
   1711.94665527	    826.31170654	    300.88482823	      8.85223198	      0.00000000	      0.00000000
   1951.28234863	    802.97845459	    301.79324011	      8.24518871	      0.00000000	      0.00000000
   2217.88403320	    777.61541748	    302.82131820	      7.61232901	      0.00000000	      0.00000000
   2514.85815430	    750.12969971	    303.99518064	      6.94492006	      0.00000000	      0.00000000
   2845.66479492	    720.44451904	    305.33028252	      6.23822451	      0.00000000	      0.00000000
   3214.15820312	    688.50830078	    306.83839413	      5.49169683	      0.00000000	      0.00000000
   3624.63183594	    654.29669189	    308.54016001	      4.70748711	      0.00000000	      0.00000000
   4081.86840820	    617.82873535	    310.45606303	      3.90045786	      0.00000000	      0.00000000
   4581.86816406	    579.86572266	    312.51838284	      3.12758517	      0.00000000	      0.00000000
   5081.86816406	    543.81665039	    314.46707949	      2.48500633	      0.00000000	      0.00000000
   5581.86816406	    509.58813477	    316.32533609	      1.94360948	      0.00000000	      0.00000000
   6081.86816406	    477.10086060	    318.13006217	      1.47498000	      0.00000000	      0.00000000
   6581.86816406	    446.27954102	    319.85073751	      1.08248365	      0.00000000	      0.00000000
   7081.86816406	    417.04766846	    321.40822584	      0.77824241	      0.00000000	      0.00000000
   7581.86816406	    389.32788086	    322.76578805	      0.55330950	      0.00000000	      0.00000000
   8081.86816406	    363.04663086	    323.92934614	      0.38811809	      0.00000000	      0.00000000
   8581.86816406	    338.13616943	    324.91472272	      0.26680446	      0.00000000	      0.00000000
   9081.86816406	    314.53320312	    325.73224235	      0.17970510	      0.00000000	      0.00000000
   9581.86816406	    292.17968750	    326.40387825	      0.11920606	      0.00000000	      0.00000000
  10081.86816406	    271.02285767	    326.97257973	      0.07847238	      0.00000000	      0.00000000
  10581.86816406	    251.01560974	    327.49808525	      0.05141575	      0.00000000	      0.00000000
  11081.86816406	    232.11622620	    328.05901423	      0.03331850	      0.00000000	      0.00000000
  11581.86816406	    214.28872681	    328.76344623	      0.02127849	      0.00000000	      0.00000000
  12081.86816406	    197.50384521	    329.77863749	      0.01346435	      0.00000000	      0.00000000
  12581.86816406	    181.73976135	    331.35794448	      0.00859281	      0.00000000	      0.00000000
  13081.86816406	    166.98419189	    333.87718886	      0.00575125	      0.00000000	      0.00000000
  13581.86816406	    153.23320007	    337.77178882	      0.00426271	      0.00000000	      0.00000000
  14081.86816406	    140.48469543	    343.35160637	      0.00363895	      0.00000000	      0.00000000
  14581.86816406	    128.72744751	    350.65402963	      0.00353514	      0.00000000	      0.00000000
  15081.86816406	    117.93254089	    359.45321226	      0.00374676	      0.00000000	      0.00000000
  15581.86816406	    108.05238342	    369.38852214	      0.00419232	      0.00000000	      0.00000000
  16081.86816406	     99.02525330	    380.08284584	      0.00477337	      0.00000000	      0.00000000
  16581.86718750	     90.78275299	    391.24839495	      0.00540290	      0.00000000	      0.00000000
  17081.86718750	     83.25630188	    402.73179069	      0.00599178	      0.00000000	      0.00000000
  17581.86718750	     76.38169098	    414.53794034	      0.00643080	      0.00000000	      0.00000000
  18081.86718750	     70.10261536	    426.95896786	      0.00662407	      0.00000000	      0.00000000
  18581.86718750	     64.37258148	    440.54564421	      0.00663238	      0.00000000	      0.00000000
  19081.86718750	     59.14985275	    455.20711472	      0.00662892	      0.00000000	      0.00000000
  19581.86718750	     54.38962936	    470.17839349	      0.00662934	      0.00000000	      0.00000000
  20081.86718750	     50.04434204	    484.86325478	      0.00663503	      0.00000000	      0.00000000
  20590.05468750	     46.00629807	    499.35392655	      0.00665236	      0.00000000	      0.00000000
  21149.06054688	     41.95826340	    515.09741616	      0.00668290	      0.00000000	      0.00000000
  21763.96679688	     37.93387604	    532.78937611	      0.00671764	      0.00000000	      0.00000000
  22440.36328125	     33.97155762	    553.10140545	      0.00674005	      0.00000000	      0.00000000
  23184.40039062	     30.11243629	    576.49554755	      0.00674222	      0.00000000	      0.00000000
  24002.83984375	     26.39705849	    603.21476529	      0.00674226	      0.00000000	      0.00000000
  24903.12304688	     22.86284256	    633.52514525	      0.00674260	      0.00000000	      0.00000000
  25893.43554688	     19.54381180	    668.03998193	      0.00674272	      0.00000000	      0.00000000
  26982.77929688	     16.47233582	    707.81091275	      0.00674247	      0.00000000	      0.00000000
