      z[m]      p[mb]      tp[K]    q[g/kg]     u[m/s]     v[m/s]
      0.00,         64,    1009.32
     25.00000000	   1006.38889559	    291.58791672	      9.87353074	      0.00000000	      0.00000000
     75.00000000	   1000.54576293	    291.50259251	      9.49687670	      0.00000000	      0.00000000
    127.84809875	    994.39457872	    291.53272791	      9.40934366	      0.00000000	      0.00000000
    186.71687317	    987.57496688	    291.57766360	      9.36103535	      0.00000000	      0.00000000
    252.29220581	    980.01880667	    291.62746680	      9.31714688	      0.00000000	      0.00000000
    325.33816528	    971.65169451	    291.68113571	      9.25828339	      0.00000000	      0.00000000
    406.70581055	    962.39293787	    291.74303017	      9.17546938	      0.00000000	      0.00000000
    497.34317017	    952.15550181	    291.82204890	      9.05078146	      0.00000000	      0.00000000
    598.30627441	    940.84612183	    291.93432268	      8.85994734	      0.00000000	      0.00000000
    710.77154541	    928.36581820	    292.11014102	      8.56499908	      0.00000000	      0.00000000
    836.04931641	    914.61093196	    292.38834778	      8.14270493	      0.00000000	      0.00000000
    975.59924316	    899.47393431	    292.77929313	      7.64381602	      0.00000000	      0.00000000
   1131.04724121	    882.84359338	    293.26570111	      7.14219562	      0.00000000	      0.00000000
   1304.20446777	    864.60541252	    293.83377326	      6.66788379	      0.00000000	      0.00000000
   1497.08850098	    844.64307301	    294.48042031	      6.21712983	      0.00000000	      0.00000000
   1711.94665527	    822.84072417	    295.21034159	      5.77292101	      0.00000000	      0.00000000
   1951.28234863	    799.08587654	    296.03026794	      5.31766238	      0.00000000	      0.00000000
   2217.88403320	    773.27311685	    296.95136020	      4.83564635	      0.00000000	      0.00000000
   2514.85815430	    745.30908065	    297.99484677	      4.31210779	      0.00000000	      0.00000000
   2845.66479492	    715.11873477	    299.18554683	      3.74185407	      0.00000000	      0.00000000
   3214.15820312	    682.65117572	    300.52245740	      3.14435808	      0.00000000	      0.00000000
   3624.63183594	    647.88432832	    301.97254885	      2.55602391	      0.00000000	      0.00000000
   4081.86840820	    610.83376224	    303.51931818	      1.99954005	      0.00000000	      0.00000000
   4581.86816406	    572.27114727	    305.15082599	      1.48408866	      0.00000000	      0.00000000
   5081.86816406	    535.66258477	    306.69151289	      1.06062235	      0.00000000	      0.00000000
   5581.86816406	    500.91300936	    308.08613507	      0.73955627	      0.00000000	      0.00000000
   6081.86816406	    467.93522385	    309.29956819	      0.51324657	      0.00000000	      0.00000000
   6581.86816406	    436.64583237	    310.33972483	      0.35588309	      0.00000000	      0.00000000
   7081.86816406	    406.96736392	    311.22019652	      0.24533139	      0.00000000	      0.00000000
   7581.86816406	    378.82775156	    311.94878442	      0.16704229	      0.00000000	      0.00000000
   8081.86816406	    352.16003309	    312.54262141	      0.11199396	      0.00000000	      0.00000000
   8581.86816406	    326.90275627	    313.03248234	      0.07410913	      0.00000000	      0.00000000
   9081.86816406	    302.99992426	    313.45394329	      0.04884018	      0.00000000	      0.00000000
   9581.86816406	    280.40064663	    313.85252992	      0.03213574	      0.00000000	      0.00000000
  10081.86816406	    259.05911245	    314.29094834	      0.02091232	      0.00000000	      0.00000000
  10581.86816406	    238.93556286	    314.88057941	      0.01333540	      0.00000000	      0.00000000
  11081.86816406	    219.99902670	    315.83238306	      0.00829970	      0.00000000	      0.00000000
  11581.86816406	    202.23052237	    317.47959337	      0.00521384	      0.00000000	      0.00000000
  12081.86816406	    185.62366587	    320.24390067	      0.00355095	      0.00000000	      0.00000000
  12581.86816406	    170.17981262	    324.52630106	      0.00278089	      0.00000000	      0.00000000
  13081.86816406	    155.89634594	    330.50774879	      0.00252933	      0.00000000	      0.00000000
  13581.86816406	    142.75332516	    338.07297509	      0.00254290	      0.00000000	      0.00000000
  14081.86816406	    130.70770163	    346.93313164	      0.00272543	      0.00000000	      0.00000000
  14581.86816406	    119.69683376	    356.76307366	      0.00300855	      0.00000000	      0.00000000
  15081.86816406	    109.64626296	    367.28264927	      0.00332401	      0.00000000	      0.00000000
  15581.86816406	    100.47732952	    378.28996275	      0.00360566	      0.00000000	      0.00000000
  16081.86816406	     92.11281911	    389.67362033	      0.00378576	      0.00000000	      0.00000000
  16581.86718750	     84.48011239	    401.37296697	      0.00382389	      0.00000000	      0.00000000
  17081.86718750	     77.51183432	    413.30257284	      0.00382203	      0.00000000	      0.00000000
  17581.86718750	     71.14649539	    425.46725766	      0.00381737	      0.00000000	      0.00000000
  18081.86718750	     65.33090372	    438.21311232	      0.00381629	      0.00000000	      0.00000000
  18581.86718750	     60.02291821	    452.32753220	      0.00381652	      0.00000000	      0.00000000
  19081.86718750	     55.18504234	    467.60325896	      0.00381696	      0.00000000	      0.00000000
  19581.86718750	     50.77461879	    482.93311087	      0.00381743	      0.00000000	      0.00000000
  20081.86718750	     46.74559525	    497.72077537	      0.00381780	      0.00000000	      0.00000000
  20590.05468750	     42.99786612	    512.32600970	      0.00381804	      0.00000000	      0.00000000
  21149.06054688	     39.23804644	    528.38540341	      0.00381821	      0.00000000	      0.00000000
  21763.96679688	     35.49839735	    546.58018080	      0.00381838	      0.00000000	      0.00000000
  22440.36328125	     31.81540413	    567.63192388	      0.00381854	      0.00000000	      0.00000000
  23184.40039062	     28.22758329	    591.86327749	      0.00381865	      0.00000000	      0.00000000
  24002.83984375	     24.77184506	    619.38062227	      0.00381869	      0.00000000	      0.00000000
  24903.12304688	     21.48194234	    650.40611744	      0.00381870	      0.00000000	      0.00000000
  25893.43554688	     18.38887918	    685.65468512	      0.00381871	      0.00000000	      0.00000000
  26982.77929688	     15.52276430	    726.25342897	      0.00381869	      0.00000000	      0.00000000
  10000.00,         64,    1009.32
     25.00000000	   1006.38889559	    291.58791672	      9.87353074	      0.00000000	      0.00000000
     75.00000000	   1000.54576293	    291.50259251	      9.49687670	      0.00000000	      0.00000000
    127.84809875	    994.39457872	    291.53272791	      9.40934366	      0.00000000	      0.00000000
    186.71687317	    987.57496688	    291.57766360	      9.36103535	      0.00000000	      0.00000000
    252.29220581	    980.01880667	    291.62746680	      9.31714688	      0.00000000	      0.00000000
    325.33816528	    971.65169451	    291.68113571	      9.25828339	      0.00000000	      0.00000000
    406.70581055	    962.39293787	    291.74303017	      9.17546938	      0.00000000	      0.00000000
    497.34317017	    952.15550181	    291.82204890	      9.05078146	      0.00000000	      0.00000000
    598.30627441	    940.84612183	    291.93432268	      8.85994734	      0.00000000	      0.00000000
    710.77154541	    928.36581820	    292.11014102	      8.56499908	      0.00000000	      0.00000000
    836.04931641	    914.61093196	    292.38834778	      8.14270493	      0.00000000	      0.00000000
    975.59924316	    899.47393431	    292.77929313	      7.64381602	      0.00000000	      0.00000000
   1131.04724121	    882.84359338	    293.26570111	      7.14219562	      0.00000000	      0.00000000
   1304.20446777	    864.60541252	    293.83377326	      6.66788379	      0.00000000	      0.00000000
   1497.08850098	    844.64307301	    294.48042031	      6.21712983	      0.00000000	      0.00000000
   1711.94665527	    822.84072417	    295.21034159	      5.77292101	      0.00000000	      0.00000000
   1951.28234863	    799.08587654	    296.03026794	      5.31766238	      0.00000000	      0.00000000
   2217.88403320	    773.27311685	    296.95136020	      4.83564635	      0.00000000	      0.00000000
   2514.85815430	    745.30908065	    297.99484677	      4.31210779	      0.00000000	      0.00000000
   2845.66479492	    715.11873477	    299.18554683	      3.74185407	      0.00000000	      0.00000000
   3214.15820312	    682.65117572	    300.52245740	      3.14435808	      0.00000000	      0.00000000
   3624.63183594	    647.88432832	    301.97254885	      2.55602391	      0.00000000	      0.00000000
   4081.86840820	    610.83376224	    303.51931818	      1.99954005	      0.00000000	      0.00000000
   4581.86816406	    572.27114727	    305.15082599	      1.48408866	      0.00000000	      0.00000000
   5081.86816406	    535.66258477	    306.69151289	      1.06062235	      0.00000000	      0.00000000
   5581.86816406	    500.91300936	    308.08613507	      0.73955627	      0.00000000	      0.00000000
   6081.86816406	    467.93522385	    309.29956819	      0.51324657	      0.00000000	      0.00000000
   6581.86816406	    436.64583237	    310.33972483	      0.35588309	      0.00000000	      0.00000000
   7081.86816406	    406.96736392	    311.22019652	      0.24533139	      0.00000000	      0.00000000
   7581.86816406	    378.82775156	    311.94878442	      0.16704229	      0.00000000	      0.00000000
   8081.86816406	    352.16003309	    312.54262141	      0.11199396	      0.00000000	      0.00000000
   8581.86816406	    326.90275627	    313.03248234	      0.07410913	      0.00000000	      0.00000000
   9081.86816406	    302.99992426	    313.45394329	      0.04884018	      0.00000000	      0.00000000
   9581.86816406	    280.40064663	    313.85252992	      0.03213574	      0.00000000	      0.00000000
  10081.86816406	    259.05911245	    314.29094834	      0.02091232	      0.00000000	      0.00000000
  10581.86816406	    238.93556286	    314.88057941	      0.01333540	      0.00000000	      0.00000000
  11081.86816406	    219.99902670	    315.83238306	      0.00829970	      0.00000000	      0.00000000
  11581.86816406	    202.23052237	    317.47959337	      0.00521384	      0.00000000	      0.00000000
  12081.86816406	    185.62366587	    320.24390067	      0.00355095	      0.00000000	      0.00000000
  12581.86816406	    170.17981262	    324.52630106	      0.00278089	      0.00000000	      0.00000000
  13081.86816406	    155.89634594	    330.50774879	      0.00252933	      0.00000000	      0.00000000
  13581.86816406	    142.75332516	    338.07297509	      0.00254290	      0.00000000	      0.00000000
  14081.86816406	    130.70770163	    346.93313164	      0.00272543	      0.00000000	      0.00000000
  14581.86816406	    119.69683376	    356.76307366	      0.00300855	      0.00000000	      0.00000000
  15081.86816406	    109.64626296	    367.28264927	      0.00332401	      0.00000000	      0.00000000
  15581.86816406	    100.47732952	    378.28996275	      0.00360566	      0.00000000	      0.00000000
  16081.86816406	     92.11281911	    389.67362033	      0.00378576	      0.00000000	      0.00000000
  16581.86718750	     84.48011239	    401.37296697	      0.00382389	      0.00000000	      0.00000000
  17081.86718750	     77.51183432	    413.30257284	      0.00382203	      0.00000000	      0.00000000
  17581.86718750	     71.14649539	    425.46725766	      0.00381737	      0.00000000	      0.00000000
  18081.86718750	     65.33090372	    438.21311232	      0.00381629	      0.00000000	      0.00000000
  18581.86718750	     60.02291821	    452.32753220	      0.00381652	      0.00000000	      0.00000000
  19081.86718750	     55.18504234	    467.60325896	      0.00381696	      0.00000000	      0.00000000
  19581.86718750	     50.77461879	    482.93311087	      0.00381743	      0.00000000	      0.00000000
  20081.86718750	     46.74559525	    497.72077537	      0.00381780	      0.00000000	      0.00000000
  20590.05468750	     42.99786612	    512.32600970	      0.00381804	      0.00000000	      0.00000000
  21149.06054688	     39.23804644	    528.38540341	      0.00381821	      0.00000000	      0.00000000
  21763.96679688	     35.49839735	    546.58018080	      0.00381838	      0.00000000	      0.00000000
  22440.36328125	     31.81540413	    567.63192388	      0.00381854	      0.00000000	      0.00000000
  23184.40039062	     28.22758329	    591.86327749	      0.00381865	      0.00000000	      0.00000000
  24002.83984375	     24.77184506	    619.38062227	      0.00381869	      0.00000000	      0.00000000
  24903.12304688	     21.48194234	    650.40611744	      0.00381870	      0.00000000	      0.00000000
  25893.43554688	     18.38887918	    685.65468512	      0.00381871	      0.00000000	      0.00000000
  26982.77929688	     15.52276430	    726.25342897	      0.00381869	      0.00000000	      0.00000000
