      z[m]      p[mb]      tp[K]    q[g/kg]     u[m/s]     v[m/s]
      0.00,         64,    1009.32
     25.00000000	   1006.44633607	    296.61022573	     14.14732611	      0.00000000	      0.00000000
     75.00000000	   1000.71729318	    296.53579912	     13.68855786	      0.00000000	      0.00000000
    127.84809875	    994.68570999	    296.57268796	     13.58009014	      0.00000000	      0.00000000
    186.71687317	    987.99810795	    296.62222336	     13.51108539	      0.00000000	      0.00000000
    252.29220581	    980.58744563	    296.67663854	     13.44340373	      0.00000000	      0.00000000
    325.33816528	    972.38048831	    296.73661175	     13.35256258	      0.00000000	      0.00000000
    406.70581055	    963.29780286	    296.80917447	     13.22636108	      0.00000000	      0.00000000
    497.34317017	    953.25374266	    296.90821878	     13.03562801	      0.00000000	      0.00000000
    598.30627441	    942.15665948	    297.05959921	     12.74062175	      0.00000000	      0.00000000
    710.77154541	    929.90962151	    297.30784793	     12.28547775	      0.00000000	      0.00000000
    836.04931641	    916.41140109	    297.68760180	     11.67665459	      0.00000000	      0.00000000
    975.59924316	    901.55673439	    298.18630595	     11.01372935	      0.00000000	      0.00000000
   1131.04724121	    885.23618684	    298.78147903	     10.36516777	      0.00000000	      0.00000000
   1304.20446777	    867.33666526	    299.45709478	      9.74849840	      0.00000000	      0.00000000
   1497.08850098	    847.74267924	    300.20558472	      9.15636059	      0.00000000	      0.00000000
   1711.94665527	    826.33844760	    301.02802806	      8.57393488	      0.00000000	      0.00000000
   1951.28234863	    803.01094061	    301.93626044	      7.98677082	      0.00000000	      0.00000000
   2217.88403320	    777.65407067	    302.95342628	      7.38170080	      0.00000000	      0.00000000
   2514.85815430	    750.17373884	    304.10836229	      6.74393695	      0.00000000	      0.00000000
   2845.66479492	    720.49344283	    305.42668216	      6.06066988	      0.00000000	      0.00000000
   3214.15820312	    688.56041429	    306.92982236	      5.32595325	      0.00000000	      0.00000000
   3624.63183594	    654.35276338	    308.63586473	      4.54410256	      0.00000000	      0.00000000
   4081.86840820	    617.88907377	    310.55622586	      3.73868368	      0.00000000	      0.00000000
   4581.86816406	    579.93062335	    312.62512076	      2.97125751	      0.00000000	      0.00000000
   5081.86816406	    543.88706454	    314.59225862	      2.33084794	      0.00000000	      0.00000000
   5581.86816406	    509.66534867	    316.47255847	      1.79079181	      0.00000000	      0.00000000
   6081.86816406	    477.18555929	    318.28435402	      1.33388030	      0.00000000	      0.00000000
   6581.86816406	    446.37066564	    319.99095266	      0.96543210	      0.00000000	      0.00000000
   7081.86816406	    417.14319243	    321.53133828	      0.68956135	      0.00000000	      0.00000000
   7581.86816406	    389.42646257	    322.88034176	      0.49043311	      0.00000000	      0.00000000
   8081.86816406	    363.14770237	    324.04366960	      0.34568088	      0.00000000	      0.00000000
   8581.86816406	    338.23929282	    325.03321460	      0.23943337	      0.00000000	      0.00000000
   9081.86816406	    314.63853710	    325.85984790	      0.16300024	      0.00000000	      0.00000000
   9581.86816406	    292.28759313	    326.54723870	      0.10984934	      0.00000000	      0.00000000
  10081.86816406	    271.13395115	    327.13964055	      0.07390929	      0.00000000	      0.00000000
  10581.86816406	    251.13077560	    327.69978325	      0.04971087	      0.00000000	      0.00000000
  11081.86816406	    232.23693895	    328.31055923	      0.03312213	      0.00000000	      0.00000000
  11581.86816406	    214.41720247	    329.08858139	      0.02172189	      0.00000000	      0.00000000
  12081.86816406	    197.64312034	    330.21583822	      0.01399822	      0.00000000	      0.00000000
  12581.86816406	    181.89395759	    331.94372931	      0.00899477	      0.00000000	      0.00000000
  13081.86816406	    167.15661456	    334.59378582	      0.00603986	      0.00000000	      0.00000000
  13581.86816406	    153.42394961	    338.53127169	      0.00448723	      0.00000000	      0.00000000
  14081.86816406	    140.68990407	    344.05699643	      0.00381377	      0.00000000	      0.00000000
  14581.86816406	    128.94128821	    351.26698691	      0.00367863	      0.00000000	      0.00000000
  15081.86816406	    118.15007292	    360.00605129	      0.00387017	      0.00000000	      0.00000000
  15581.86816406	    108.27062467	    369.93241282	      0.00429423	      0.00000000	      0.00000000
  16081.86816406	     99.24234555	    380.60729252	      0.00483201	      0.00000000	      0.00000000
  16581.86718750	     90.99585828	    391.63409389	      0.00537576	      0.00000000	      0.00000000
  17081.86718750	     83.46049474	    402.80124986	      0.00583407	      0.00000000	      0.00000000
  17581.86718750	     76.57128848	    414.20880473	      0.00612389	      0.00000000	      0.00000000
  18081.86718750	     70.27437841	    426.42043342	      0.00619887	      0.00000000	      0.00000000
  18581.86718750	     64.52890332	    440.30555645	      0.00619740	      0.00000000	      0.00000000
  19081.86718750	     59.29762099	    455.61543355	      0.00618782	      0.00000000	      0.00000000
  19581.86718750	     54.53537875	    471.14529146	      0.00618397	      0.00000000	      0.00000000
  20081.86718750	     50.19141304	    486.15271176	      0.00618404	      0.00000000	      0.00000000
  20590.05468750	     46.15552653	    500.81179530	      0.00618499	      0.00000000	      0.00000000
  21149.06054688	     42.10921420	    516.59445347	      0.00618604	      0.00000000	      0.00000000
  21763.96679688	     38.08485560	    534.17228302	      0.00618666	      0.00000000	      0.00000000
  22440.36328125	     34.12017487	    554.35289660	      0.00618671	      0.00000000	      0.00000000
  23184.40039062	     30.25668372	    577.69652593	      0.00618660	      0.00000000	      0.00000000
  24002.83984375	     26.53545936	    604.42684381	      0.00618665	      0.00000000	      0.00000000
  24903.12304688	     22.99443336	    634.82534768	      0.00618666	      0.00000000	      0.00000000
  25893.43554688	     19.66803662	    669.51716397	      0.00618666	      0.00000000	      0.00000000
  26982.77929688	     16.58878477	    709.48485666	      0.00618664	      0.00000000	      0.00000000
  10000.00,         64,    1009.32
     25.00000000	   1006.44633607	    296.61022573	     14.14732611	      0.00000000	      0.00000000
     75.00000000	   1000.71729318	    296.53579912	     13.68855786	      0.00000000	      0.00000000
    127.84809875	    994.68570999	    296.57268796	     13.58009014	      0.00000000	      0.00000000
    186.71687317	    987.99810795	    296.62222336	     13.51108539	      0.00000000	      0.00000000
    252.29220581	    980.58744563	    296.67663854	     13.44340373	      0.00000000	      0.00000000
    325.33816528	    972.38048831	    296.73661175	     13.35256258	      0.00000000	      0.00000000
    406.70581055	    963.29780286	    296.80917447	     13.22636108	      0.00000000	      0.00000000
    497.34317017	    953.25374266	    296.90821878	     13.03562801	      0.00000000	      0.00000000
    598.30627441	    942.15665948	    297.05959921	     12.74062175	      0.00000000	      0.00000000
    710.77154541	    929.90962151	    297.30784793	     12.28547775	      0.00000000	      0.00000000
    836.04931641	    916.41140109	    297.68760180	     11.67665459	      0.00000000	      0.00000000
    975.59924316	    901.55673439	    298.18630595	     11.01372935	      0.00000000	      0.00000000
   1131.04724121	    885.23618684	    298.78147903	     10.36516777	      0.00000000	      0.00000000
   1304.20446777	    867.33666526	    299.45709478	      9.74849840	      0.00000000	      0.00000000
   1497.08850098	    847.74267924	    300.20558472	      9.15636059	      0.00000000	      0.00000000
   1711.94665527	    826.33844760	    301.02802806	      8.57393488	      0.00000000	      0.00000000
   1951.28234863	    803.01094061	    301.93626044	      7.98677082	      0.00000000	      0.00000000
   2217.88403320	    777.65407067	    302.95342628	      7.38170080	      0.00000000	      0.00000000
   2514.85815430	    750.17373884	    304.10836229	      6.74393695	      0.00000000	      0.00000000
   2845.66479492	    720.49344283	    305.42668216	      6.06066988	      0.00000000	      0.00000000
   3214.15820312	    688.56041429	    306.92982236	      5.32595325	      0.00000000	      0.00000000
   3624.63183594	    654.35276338	    308.63586473	      4.54410256	      0.00000000	      0.00000000
   4081.86840820	    617.88907377	    310.55622586	      3.73868368	      0.00000000	      0.00000000
   4581.86816406	    579.93062335	    312.62512076	      2.97125751	      0.00000000	      0.00000000
   5081.86816406	    543.88706454	    314.59225862	      2.33084794	      0.00000000	      0.00000000
   5581.86816406	    509.66534867	    316.47255847	      1.79079181	      0.00000000	      0.00000000
   6081.86816406	    477.18555929	    318.28435402	      1.33388030	      0.00000000	      0.00000000
   6581.86816406	    446.37066564	    319.99095266	      0.96543210	      0.00000000	      0.00000000
   7081.86816406	    417.14319243	    321.53133828	      0.68956135	      0.00000000	      0.00000000
   7581.86816406	    389.42646257	    322.88034176	      0.49043311	      0.00000000	      0.00000000
   8081.86816406	    363.14770237	    324.04366960	      0.34568088	      0.00000000	      0.00000000
   8581.86816406	    338.23929282	    325.03321460	      0.23943337	      0.00000000	      0.00000000
   9081.86816406	    314.63853710	    325.85984790	      0.16300024	      0.00000000	      0.00000000
   9581.86816406	    292.28759313	    326.54723870	      0.10984934	      0.00000000	      0.00000000
  10081.86816406	    271.13395115	    327.13964055	      0.07390929	      0.00000000	      0.00000000
  10581.86816406	    251.13077560	    327.69978325	      0.04971087	      0.00000000	      0.00000000
  11081.86816406	    232.23693895	    328.31055923	      0.03312213	      0.00000000	      0.00000000
  11581.86816406	    214.41720247	    329.08858139	      0.02172189	      0.00000000	      0.00000000
  12081.86816406	    197.64312034	    330.21583822	      0.01399822	      0.00000000	      0.00000000
  12581.86816406	    181.89395759	    331.94372931	      0.00899477	      0.00000000	      0.00000000
  13081.86816406	    167.15661456	    334.59378582	      0.00603986	      0.00000000	      0.00000000
  13581.86816406	    153.42394961	    338.53127169	      0.00448723	      0.00000000	      0.00000000
  14081.86816406	    140.68990407	    344.05699643	      0.00381377	      0.00000000	      0.00000000
  14581.86816406	    128.94128821	    351.26698691	      0.00367863	      0.00000000	      0.00000000
  15081.86816406	    118.15007292	    360.00605129	      0.00387017	      0.00000000	      0.00000000
  15581.86816406	    108.27062467	    369.93241282	      0.00429423	      0.00000000	      0.00000000
  16081.86816406	     99.24234555	    380.60729252	      0.00483201	      0.00000000	      0.00000000
  16581.86718750	     90.99585828	    391.63409389	      0.00537576	      0.00000000	      0.00000000
  17081.86718750	     83.46049474	    402.80124986	      0.00583407	      0.00000000	      0.00000000
  17581.86718750	     76.57128848	    414.20880473	      0.00612389	      0.00000000	      0.00000000
  18081.86718750	     70.27437841	    426.42043342	      0.00619887	      0.00000000	      0.00000000
  18581.86718750	     64.52890332	    440.30555645	      0.00619740	      0.00000000	      0.00000000
  19081.86718750	     59.29762099	    455.61543355	      0.00618782	      0.00000000	      0.00000000
  19581.86718750	     54.53537875	    471.14529146	      0.00618397	      0.00000000	      0.00000000
  20081.86718750	     50.19141304	    486.15271176	      0.00618404	      0.00000000	      0.00000000
  20590.05468750	     46.15552653	    500.81179530	      0.00618499	      0.00000000	      0.00000000
  21149.06054688	     42.10921420	    516.59445347	      0.00618604	      0.00000000	      0.00000000
  21763.96679688	     38.08485560	    534.17228302	      0.00618666	      0.00000000	      0.00000000
  22440.36328125	     34.12017487	    554.35289660	      0.00618671	      0.00000000	      0.00000000
  23184.40039062	     30.25668372	    577.69652593	      0.00618660	      0.00000000	      0.00000000
  24002.83984375	     26.53545936	    604.42684381	      0.00618665	      0.00000000	      0.00000000
  24903.12304688	     22.99443336	    634.82534768	      0.00618666	      0.00000000	      0.00000000
  25893.43554688	     19.66803662	    669.51716397	      0.00618666	      0.00000000	      0.00000000
  26982.77929688	     16.58878477	    709.48485666	      0.00618664	      0.00000000	      0.00000000
