      z[m]      p[mb]      tp[K]    q[g/kg]     u[m/s]     v[m/s]
      0.00,         28,    1009.32
     66.35856628	   1001.67852783	    295.96262916	     13.06319809	      0.00000000	      0.00000000
    212.21609497	    985.04150391	    295.99636683	     12.69446945	      0.00000000	      0.00000000
    383.95980835	    965.70867920	    296.15526590	     12.47005367	      0.00000000	      0.00000000
    580.98242188	    943.87622070	    296.39490277	     12.04255772	      0.00000000	      0.00000000
    802.94232178	    919.72515869	    296.87817050	     11.24120140	      0.00000000	      0.00000000
   1049.62597656	    893.44818115	    297.69834218	     10.19398880	      0.00000000	      0.00000000
   1320.76403809	    865.24774170	    298.73433576	      9.20772266	      0.00000000	      0.00000000
   1716.45898438	    825.35424805	    300.31693201	      8.06645298	      0.00000000	      0.00000000
   2333.58300781	    766.11303711	    302.89276820	      6.55873299	      0.00000000	      0.00000000
   3163.64599609	    691.95068359	    306.37108320	      4.80989218	      0.00000000	      0.00000000
   4195.30810547	    608.03466797	    310.57963419	      3.08053708	      0.00000000	      0.00000000
   5398.39013672	    520.81988525	    315.29238303	      1.65259099	      0.00000000	      0.00000000
   6655.89111328	    440.72814941	    319.68948034	      0.75442809	      0.00000000	      0.00000000
   7873.84082031	    372.72073364	    323.02524522	      0.32573208	      0.00000000	      0.00000000
   9050.42382812	    314.93936157	    325.23654450	      0.14821373	      0.00000000	      0.00000000
  10184.29003906	    265.85522461	    326.66150541	      0.06848002	      0.00000000	      0.00000000
  11275.59960938	    224.20787048	    328.35171459	      0.02624060	      0.00000000	      0.00000000
  12329.95019531	    188.90447998	    332.44451618	      0.00841661	      0.00000000	      0.00000000
  13348.45996094	    159.27964783	    340.84458034	      0.00572151	      0.00000000	      0.00000000
  14344.48046875	    134.41333008	    353.99858917	      0.00634712	      0.00000000	      0.00000000
  15342.76953125	    113.26203918	    371.12250838	      0.00730970	      0.00000000	      0.00000000
  16352.05957031	     95.25443268	    390.46788476	      0.00830058	      0.00000000	      0.00000000
  17380.08984375	     79.83411407	    410.38091340	      0.00902929	      0.00000000	      0.00000000
  18683.19921875	     63.73528290	    435.47777059	      0.00956360	      0.00000000	      0.00000000
  20526.05078125	     46.22331238	    473.36575679	      0.00977029	      0.00000000	      0.00000000
  22972.43945312	     30.05633736	    531.46378016	      0.00976492	      0.00000000	      0.00000000
  26213.09960938	     16.91294098	    622.20447875	      0.00973756	      0.00000000	      0.00000000
  30354.50000000	      8.09831238	    761.36359907	      0.00971040	      0.00000000	      0.00000000
  10000.00,         28,    1009.32
     66.35856628	   1001.67852783	    295.96262916	     13.06319809	      0.00000000	      0.00000000
    212.21609497	    985.04150391	    295.99636683	     12.69446945	      0.00000000	      0.00000000
    383.95980835	    965.70867920	    296.15526590	     12.47005367	      0.00000000	      0.00000000
    580.98242188	    943.87622070	    296.39490277	     12.04255772	      0.00000000	      0.00000000
    802.94232178	    919.72515869	    296.87817050	     11.24120140	      0.00000000	      0.00000000
   1049.62597656	    893.44818115	    297.69834218	     10.19398880	      0.00000000	      0.00000000
   1320.76403809	    865.24774170	    298.73433576	      9.20772266	      0.00000000	      0.00000000
   1716.45898438	    825.35424805	    300.31693201	      8.06645298	      0.00000000	      0.00000000
   2333.58300781	    766.11303711	    302.89276820	      6.55873299	      0.00000000	      0.00000000
   3163.64599609	    691.95068359	    306.37108320	      4.80989218	      0.00000000	      0.00000000
   4195.30810547	    608.03466797	    310.57963419	      3.08053708	      0.00000000	      0.00000000
   5398.39013672	    520.81988525	    315.29238303	      1.65259099	      0.00000000	      0.00000000
   6655.89111328	    440.72814941	    319.68948034	      0.75442809	      0.00000000	      0.00000000
   7873.84082031	    372.72073364	    323.02524522	      0.32573208	      0.00000000	      0.00000000
   9050.42382812	    314.93936157	    325.23654450	      0.14821373	      0.00000000	      0.00000000
  10184.29003906	    265.85522461	    326.66150541	      0.06848002	      0.00000000	      0.00000000
  11275.59960938	    224.20787048	    328.35171459	      0.02624060	      0.00000000	      0.00000000
  12329.95019531	    188.90447998	    332.44451618	      0.00841661	      0.00000000	      0.00000000
  13348.45996094	    159.27964783	    340.84458034	      0.00572151	      0.00000000	      0.00000000
  14344.48046875	    134.41333008	    353.99858917	      0.00634712	      0.00000000	      0.00000000
  15342.76953125	    113.26203918	    371.12250838	      0.00730970	      0.00000000	      0.00000000
  16352.05957031	     95.25443268	    390.46788476	      0.00830058	      0.00000000	      0.00000000
  17380.08984375	     79.83411407	    410.38091340	      0.00902929	      0.00000000	      0.00000000
  18683.19921875	     63.73528290	    435.47777059	      0.00956360	      0.00000000	      0.00000000
  20526.05078125	     46.22331238	    473.36575679	      0.00977029	      0.00000000	      0.00000000
  22972.43945312	     30.05633736	    531.46378016	      0.00976492	      0.00000000	      0.00000000
  26213.09960938	     16.91294098	    622.20447875	      0.00973756	      0.00000000	      0.00000000
  30354.50000000	      8.09831238	    761.36359907	      0.00971040	      0.00000000	      0.00000000
