      z[m]      p[mb]      tp[K]    q[g/kg]     u[m/s]     v[m/s]
      0.00,         64,    1009.32
     25.00000000	   1006.50756836	    301.91644188	     20.04549026	      0.00000000	      0.00000000
     75.00000000	   1000.89837646	    301.86305472	     19.46671295	      0.00000000	      0.00000000
    127.84809875	    994.99255371	    301.91230677	     19.33491325	      0.00000000	      0.00000000
    186.71687317	    988.44476318	    301.97148112	     19.24818039	      0.00000000	      0.00000000
    252.29220581	    981.18823242	    302.03532938	     19.15868378	      0.00000000	      0.00000000
    325.33816528	    973.15142822	    302.10654694	     19.03445625	      0.00000000	      0.00000000
    406.70581055	    964.25494385	    302.19420868	     18.85830879	      0.00000000	      0.00000000
    497.34317017	    954.41656494	    302.31652214	     18.58962631	      0.00000000	      0.00000000
    598.30627441	    943.54443359	    302.50704119	     18.17281723	      0.00000000	      0.00000000
    710.77154541	    931.54443359	    302.81708566	     17.54290962	      0.00000000	      0.00000000
    836.04931641	    918.31726074	    303.26797196	     16.75072098	      0.00000000	      0.00000000
    975.59924316	    903.75830078	    303.83732348	     15.92955208	      0.00000000	      0.00000000
   1131.04724121	    887.76037598	    304.50751917	     15.13997555	      0.00000000	      0.00000000
   1304.20446777	    870.21179199	    305.27127741	     14.38173008	      0.00000000	      0.00000000
   1497.08850098	    850.99810791	    306.12899711	     13.63279343	      0.00000000	      0.00000000
   1711.94665527	    830.00756836	    307.08778833	     12.86716938	      0.00000000	      0.00000000
   1951.28234863	    807.12640381	    308.15904281	     12.06554222	      0.00000000	      0.00000000
   2217.88403320	    782.25103760	    309.35351798	     11.21842289	      0.00000000	      0.00000000
   2514.85815430	    755.28540039	    310.67968114	     10.32788944	      0.00000000	      0.00000000
   2845.66479492	    726.14935303	    312.15131191	      9.40092278	      0.00000000	      0.00000000
   3214.15820312	    694.78460693	    313.79290119	      8.44644070	      0.00000000	      0.00000000
   3624.63183594	    661.16229248	    315.64145232	      7.47178507	      0.00000000	      0.00000000
   4081.86840820	    625.29492188	    317.74166373	      6.47774363	      0.00000000	      0.00000000
   4581.86816406	    587.92974854	    320.10139931	      5.47759390	      0.00000000	      0.00000000
   5081.86816406	    552.43280029	    322.50840890	      4.56387711	      0.00000000	      0.00000000
   5581.86816406	    518.72338867	    324.92663547	      3.75606561	      0.00000000	      0.00000000
   6081.86816406	    486.72610474	    327.29789285	      3.06663513	      0.00000000	      0.00000000
   6581.86816406	    456.36410522	    329.58897273	      2.47565770	      0.00000000	      0.00000000
   7081.86816406	    427.56329346	    331.81474481	      1.95075977	      0.00000000	      0.00000000
   7581.86816406	    400.25344849	    333.98134360	      1.48736429	      0.00000000	      0.00000000
   8081.86816406	    374.36676025	    336.04704864	      1.10562265	      0.00000000	      0.00000000
   8581.86816406	    349.83496094	    337.94261064	      0.81470662	      0.00000000	      0.00000000
   9081.86816406	    326.59045410	    339.63547004	      0.59779048	      0.00000000	      0.00000000
   9581.86816406	    304.56872559	    341.12429918	      0.43268028	      0.00000000	      0.00000000
  10081.86816406	    283.70959473	    342.41729340	      0.30652857	      0.00000000	      0.00000000
  10581.86816406	    263.95761108	    343.52759521	      0.21345621	      0.00000000	      0.00000000
  11081.86816406	    245.26170349	    344.48646144	      0.14735588	      0.00000000	      0.00000000
  11581.86816406	    227.57623291	    345.35163314	      0.10141634	      0.00000000	      0.00000000
  12081.86816406	    210.86071777	    346.20287175	      0.06955978	      0.00000000	      0.00000000
  12581.86816406	    195.08061218	    347.14692646	      0.04734896	      0.00000000	      0.00000000
  13081.86816406	    180.20652771	    348.32696890	      0.03199352	      0.00000000	      0.00000000
  13581.86816406	    166.21469116	    349.92711679	      0.02148583	      0.00000000	      0.00000000
  14081.86816406	    153.08673096	    352.17496076	      0.01448642	      0.00000000	      0.00000000
  14581.86816406	    140.80853271	    355.35732093	      0.01014673	      0.00000000	      0.00000000
  15081.86816406	    129.36975098	    359.79824548	      0.00773675	      0.00000000	      0.00000000
  15581.86816406	    118.75987244	    365.74915510	      0.00661469	      0.00000000	      0.00000000
  16081.86816406	    108.96200562	    373.22171134	      0.00630558	      0.00000000	      0.00000000
  16581.86718750	     99.94645691	    381.92190479	      0.00643847	      0.00000000	      0.00000000
  17081.86718750	     91.67002106	    391.44346235	      0.00683496	      0.00000000	      0.00000000
  17581.86718750	     84.08213806	    401.62139340	      0.00740828	      0.00000000	      0.00000000
  18081.86718750	     77.13468933	    412.77278681	      0.00812650	      0.00000000	      0.00000000
  18581.86718750	     70.78873444	    425.69489385	      0.00898381	      0.00000000	      0.00000000
  19081.86718750	     65.00825500	    440.28628787	      0.00986186	      0.00000000	      0.00000000
  19581.86718750	     59.74818802	    455.45749409	      0.01050416	      0.00000000	      0.00000000
  20081.86718750	     54.95487976	    470.29921681	      0.01072189	      0.00000000	      0.00000000
  20590.05468750	     50.50637054	    484.77814086	      0.01072416	      0.00000000	      0.00000000
  21149.06054688	     46.05074310	    500.30399100	      0.01071383	      0.00000000	      0.00000000
  21763.96679688	     41.62334061	    517.56383029	      0.01071370	      0.00000000	      0.00000000
  22440.36328125	     37.26515579	    537.24732357	      0.01071855	      0.00000000	      0.00000000
  23184.40039062	     33.02088928	    559.88032105	      0.01072680	      0.00000000	      0.00000000
  24002.83984375	     28.93497276	    585.69710712	      0.01073147	      0.00000000	      0.00000000
  24903.12304688	     25.04870033	    615.00364693	      0.01073159	      0.00000000	      0.00000000
  25893.43554688	     21.39993858	    648.46015519	      0.01073146	      0.00000000	      0.00000000
  26982.77929688	     18.02458000	    687.01869852	      0.01073038	      0.00000000	      0.00000000
  10000.00,         64,    1009.32
     25.00000000	   1006.50756836	    301.91644188	     20.04549026	      0.00000000	      0.00000000
     75.00000000	   1000.89837646	    301.86305472	     19.46671295	      0.00000000	      0.00000000
    127.84809875	    994.99255371	    301.91230677	     19.33491325	      0.00000000	      0.00000000
    186.71687317	    988.44476318	    301.97148112	     19.24818039	      0.00000000	      0.00000000
    252.29220581	    981.18823242	    302.03532938	     19.15868378	      0.00000000	      0.00000000
    325.33816528	    973.15142822	    302.10654694	     19.03445625	      0.00000000	      0.00000000
    406.70581055	    964.25494385	    302.19420868	     18.85830879	      0.00000000	      0.00000000
    497.34317017	    954.41656494	    302.31652214	     18.58962631	      0.00000000	      0.00000000
    598.30627441	    943.54443359	    302.50704119	     18.17281723	      0.00000000	      0.00000000
    710.77154541	    931.54443359	    302.81708566	     17.54290962	      0.00000000	      0.00000000
    836.04931641	    918.31726074	    303.26797196	     16.75072098	      0.00000000	      0.00000000
    975.59924316	    903.75830078	    303.83732348	     15.92955208	      0.00000000	      0.00000000
   1131.04724121	    887.76037598	    304.50751917	     15.13997555	      0.00000000	      0.00000000
   1304.20446777	    870.21179199	    305.27127741	     14.38173008	      0.00000000	      0.00000000
   1497.08850098	    850.99810791	    306.12899711	     13.63279343	      0.00000000	      0.00000000
   1711.94665527	    830.00756836	    307.08778833	     12.86716938	      0.00000000	      0.00000000
   1951.28234863	    807.12640381	    308.15904281	     12.06554222	      0.00000000	      0.00000000
   2217.88403320	    782.25103760	    309.35351798	     11.21842289	      0.00000000	      0.00000000
   2514.85815430	    755.28540039	    310.67968114	     10.32788944	      0.00000000	      0.00000000
   2845.66479492	    726.14935303	    312.15131191	      9.40092278	      0.00000000	      0.00000000
   3214.15820312	    694.78460693	    313.79290119	      8.44644070	      0.00000000	      0.00000000
   3624.63183594	    661.16229248	    315.64145232	      7.47178507	      0.00000000	      0.00000000
   4081.86840820	    625.29492188	    317.74166373	      6.47774363	      0.00000000	      0.00000000
   4581.86816406	    587.92974854	    320.10139931	      5.47759390	      0.00000000	      0.00000000
   5081.86816406	    552.43280029	    322.50840890	      4.56387711	      0.00000000	      0.00000000
   5581.86816406	    518.72338867	    324.92663547	      3.75606561	      0.00000000	      0.00000000
   6081.86816406	    486.72610474	    327.29789285	      3.06663513	      0.00000000	      0.00000000
   6581.86816406	    456.36410522	    329.58897273	      2.47565770	      0.00000000	      0.00000000
   7081.86816406	    427.56329346	    331.81474481	      1.95075977	      0.00000000	      0.00000000
   7581.86816406	    400.25344849	    333.98134360	      1.48736429	      0.00000000	      0.00000000
   8081.86816406	    374.36676025	    336.04704864	      1.10562265	      0.00000000	      0.00000000
   8581.86816406	    349.83496094	    337.94261064	      0.81470662	      0.00000000	      0.00000000
   9081.86816406	    326.59045410	    339.63547004	      0.59779048	      0.00000000	      0.00000000
   9581.86816406	    304.56872559	    341.12429918	      0.43268028	      0.00000000	      0.00000000
  10081.86816406	    283.70959473	    342.41729340	      0.30652857	      0.00000000	      0.00000000
  10581.86816406	    263.95761108	    343.52759521	      0.21345621	      0.00000000	      0.00000000
  11081.86816406	    245.26170349	    344.48646144	      0.14735588	      0.00000000	      0.00000000
  11581.86816406	    227.57623291	    345.35163314	      0.10141634	      0.00000000	      0.00000000
  12081.86816406	    210.86071777	    346.20287175	      0.06955978	      0.00000000	      0.00000000
  12581.86816406	    195.08061218	    347.14692646	      0.04734896	      0.00000000	      0.00000000
  13081.86816406	    180.20652771	    348.32696890	      0.03199352	      0.00000000	      0.00000000
  13581.86816406	    166.21469116	    349.92711679	      0.02148583	      0.00000000	      0.00000000
  14081.86816406	    153.08673096	    352.17496076	      0.01448642	      0.00000000	      0.00000000
  14581.86816406	    140.80853271	    355.35732093	      0.01014673	      0.00000000	      0.00000000
  15081.86816406	    129.36975098	    359.79824548	      0.00773675	      0.00000000	      0.00000000
  15581.86816406	    118.75987244	    365.74915510	      0.00661469	      0.00000000	      0.00000000
  16081.86816406	    108.96200562	    373.22171134	      0.00630558	      0.00000000	      0.00000000
  16581.86718750	     99.94645691	    381.92190479	      0.00643847	      0.00000000	      0.00000000
  17081.86718750	     91.67002106	    391.44346235	      0.00683496	      0.00000000	      0.00000000
  17581.86718750	     84.08213806	    401.62139340	      0.00740828	      0.00000000	      0.00000000
  18081.86718750	     77.13468933	    412.77278681	      0.00812650	      0.00000000	      0.00000000
  18581.86718750	     70.78873444	    425.69489385	      0.00898381	      0.00000000	      0.00000000
  19081.86718750	     65.00825500	    440.28628787	      0.00986186	      0.00000000	      0.00000000
  19581.86718750	     59.74818802	    455.45749409	      0.01050416	      0.00000000	      0.00000000
  20081.86718750	     54.95487976	    470.29921681	      0.01072189	      0.00000000	      0.00000000
  20590.05468750	     50.50637054	    484.77814086	      0.01072416	      0.00000000	      0.00000000
  21149.06054688	     46.05074310	    500.30399100	      0.01071383	      0.00000000	      0.00000000
  21763.96679688	     41.62334061	    517.56383029	      0.01071370	      0.00000000	      0.00000000
  22440.36328125	     37.26515579	    537.24732357	      0.01071855	      0.00000000	      0.00000000
  23184.40039062	     33.02088928	    559.88032105	      0.01072680	      0.00000000	      0.00000000
  24002.83984375	     28.93497276	    585.69710712	      0.01073147	      0.00000000	      0.00000000
  24903.12304688	     25.04870033	    615.00364693	      0.01073159	      0.00000000	      0.00000000
  25893.43554688	     21.39993858	    648.46015519	      0.01073146	      0.00000000	      0.00000000
  26982.77929688	     18.02458000	    687.01869852	      0.01073038	      0.00000000	      0.00000000
