      z[m]      p[mb]      tp[K]    q[g/kg]     u[m/s]     v[m/s]
      0.00,         64,    1009.32
     25.00000000	   1006.46647295	    298.37266448	     15.93114119	      0.00000000	      0.00000000
     75.00000000	   1000.77743457	    298.30386035	     15.43634965	      0.00000000	      0.00000000
    127.84809875	    994.78780565	    298.34397178	     15.32005926	      0.00000000	      0.00000000
    186.71687317	    988.14653590	    298.39587254	     15.24453207	      0.00000000	      0.00000000
    252.29220581	    980.78697206	    298.45271271	     15.16922084	      0.00000000	      0.00000000
    325.33816528	    972.63629701	    298.51573582	     15.06750094	      0.00000000	      0.00000000
    406.70581055	    963.61552350	    298.59274579	     14.92568270	      0.00000000	      0.00000000
    497.34317017	    953.63948739	    298.69922024	     14.71078254	      0.00000000	      0.00000000
    598.30627441	    942.61708865	    298.86394244	     14.37770706	      0.00000000	      0.00000000
    710.77154541	    930.45203765	    299.13456144	     13.86694284	      0.00000000	      0.00000000
    836.04931641	    917.04378969	    299.54157852	     13.19977816	      0.00000000	      0.00000000
    975.59924316	    902.28768483	    300.06793611	     12.48764856	      0.00000000	      0.00000000
   1131.04724121	    886.07486097	    300.69332948	     11.79426658	      0.00000000	      0.00000000
   1304.20446777	    868.29286676	    301.40499355	     11.12998500	      0.00000000	      0.00000000
   1497.08850098	    848.82689271	    302.19648394	     10.48289396	      0.00000000	      0.00000000
   1711.94665527	    827.56174695	    303.06783204	      9.83595247	      0.00000000	      0.00000000
   1951.28234863	    804.38468140	    304.02731473	      9.17550497	      0.00000000	      0.00000000
   2217.88403320	    779.18928660	    305.09115070	      8.49363240	      0.00000000	      0.00000000
   2514.85815430	    751.88038584	    306.28448317	      7.78510489	      0.00000000	      0.00000000
   2845.66479492	    722.38006665	    307.63881791	      7.04183135	      0.00000000	      0.00000000
   3214.15820312	    690.63423160	    309.18305030	      6.25528143	      0.00000000	      0.00000000
   3624.63183594	    656.61975309	    310.94228909	      5.42334197	      0.00000000	      0.00000000
   4081.86840820	    620.35429202	    312.94195615	      4.55386392	      0.00000000	      0.00000000
   4581.86816406	    582.59655715	    315.15170140	      3.69055304	      0.00000000	      0.00000000
   5081.86816406	    546.74213768	    317.30509613	      2.95177863	      0.00000000	      0.00000000
   5581.86816406	    512.69934031	    319.35859236	      2.33654288	      0.00000000	      0.00000000
   6081.86816406	    480.38677867	    321.33832900	      1.80998634	      0.00000000	      0.00000000
   6581.86816406	    449.72845978	    323.25455459	      1.35703069	      0.00000000	      0.00000000
   7081.86816406	    420.65045912	    325.06297554	      0.98957705	      0.00000000	      0.00000000
   7581.86816406	    393.07819907	    326.69907259	      0.71364532	      0.00000000	      0.00000000
   8081.86816406	    366.93796389	    328.13814258	      0.51249280	      0.00000000	      0.00000000
   8581.86816406	    342.15994876	    329.38704365	      0.36393653	      0.00000000	      0.00000000
   9081.86816406	    318.67933018	    330.45617725	      0.25332324	      0.00000000	      0.00000000
   9581.86816406	    296.43594848	    331.35481498	      0.17329292	      0.00000000	      0.00000000
  10081.86816406	    275.37441083	    332.11044193	      0.11757450	      0.00000000	      0.00000000
  10581.86816406	    255.44470948	    332.77355497	      0.07971723	      0.00000000	      0.00000000
  11081.86816406	    236.60257281	    333.41565585	      0.05394456	      0.00000000	      0.00000000
  11581.86816406	    218.80944556	    334.12867158	      0.03613909	      0.00000000	      0.00000000
  12081.86816406	    202.03254852	    335.03913830	      0.02388387	      0.00000000	      0.00000000
  12581.86816406	    186.24546722	    336.33326390	      0.01556576	      0.00000000	      0.00000000
  13081.86816406	    171.42851600	    338.25434060	      0.01014876	      0.00000000	      0.00000000
  13581.86816406	    157.56830485	    341.10777261	      0.00691331	      0.00000000	      0.00000000
  14081.86816406	    144.65628784	    345.24579678	      0.00519300	      0.00000000	      0.00000000
  14581.86816406	    132.68470706	    350.96539023	      0.00444524	      0.00000000	      0.00000000
  15081.86816406	    121.63933467	    358.36015276	      0.00430310	      0.00000000	      0.00000000
  15581.86816406	    111.49218616	    367.25186598	      0.00452998	      0.00000000	      0.00000000
  16081.86816406	    102.19847663	    377.24109594	      0.00501790	      0.00000000	      0.00000000
  16581.86718750	     93.69929820	    387.84835832	      0.00563155	      0.00000000	      0.00000000
  17081.86718750	     85.92872537	    398.73776834	      0.00625257	      0.00000000	      0.00000000
  17581.86718750	     78.82262542	    409.90369198	      0.00678732	      0.00000000	      0.00000000
  18081.86718750	     72.32643111	    421.87474396	      0.00714751	      0.00000000	      0.00000000
  18581.86718750	     66.39877777	    435.55028002	      0.00726362	      0.00000000	      0.00000000
  19081.86718750	     61.00241541	    450.75102445	      0.00726423	      0.00000000	      0.00000000
  19581.86718750	     56.09188698	    466.29500746	      0.00725374	      0.00000000	      0.00000000
  20081.86718750	     51.61512012	    481.36300056	      0.00724979	      0.00000000	      0.00000000
  20590.05468750	     47.45796776	    496.05010320	      0.00724985	      0.00000000	      0.00000000
  21149.06054688	     43.29162762	    511.78462733	      0.00725112	      0.00000000	      0.00000000
  21763.96679688	     39.14883840	    529.23183729	      0.00725265	      0.00000000	      0.00000000
  22440.36328125	     35.06786134	    549.17746891	      0.00725376	      0.00000000	      0.00000000
  23184.40039062	     31.09105897	    572.21593757	      0.00725419	      0.00000000	      0.00000000
  24002.83984375	     27.26067254	    598.59292387	      0.00725433	      0.00000000	      0.00000000
  24903.12304688	     23.61594122	    628.62415325	      0.00725435	      0.00000000	      0.00000000
  25893.43554688	     20.19254877	    662.91639383	      0.00725435	      0.00000000	      0.00000000
  26982.77929688	     17.02408950	    702.42798337	      0.00725431	      0.00000000	      0.00000000
  10000.00,         64,    1009.32
     25.00000000	   1006.46647295	    298.37266448	     15.93114119	      0.00000000	      0.00000000
     75.00000000	   1000.77743457	    298.30386035	     15.43634965	      0.00000000	      0.00000000
    127.84809875	    994.78780565	    298.34397178	     15.32005926	      0.00000000	      0.00000000
    186.71687317	    988.14653590	    298.39587254	     15.24453207	      0.00000000	      0.00000000
    252.29220581	    980.78697206	    298.45271271	     15.16922084	      0.00000000	      0.00000000
    325.33816528	    972.63629701	    298.51573582	     15.06750094	      0.00000000	      0.00000000
    406.70581055	    963.61552350	    298.59274579	     14.92568270	      0.00000000	      0.00000000
    497.34317017	    953.63948739	    298.69922024	     14.71078254	      0.00000000	      0.00000000
    598.30627441	    942.61708865	    298.86394244	     14.37770706	      0.00000000	      0.00000000
    710.77154541	    930.45203765	    299.13456144	     13.86694284	      0.00000000	      0.00000000
    836.04931641	    917.04378969	    299.54157852	     13.19977816	      0.00000000	      0.00000000
    975.59924316	    902.28768483	    300.06793611	     12.48764856	      0.00000000	      0.00000000
   1131.04724121	    886.07486097	    300.69332948	     11.79426658	      0.00000000	      0.00000000
   1304.20446777	    868.29286676	    301.40499355	     11.12998500	      0.00000000	      0.00000000
   1497.08850098	    848.82689271	    302.19648394	     10.48289396	      0.00000000	      0.00000000
   1711.94665527	    827.56174695	    303.06783204	      9.83595247	      0.00000000	      0.00000000
   1951.28234863	    804.38468140	    304.02731473	      9.17550497	      0.00000000	      0.00000000
   2217.88403320	    779.18928660	    305.09115070	      8.49363240	      0.00000000	      0.00000000
   2514.85815430	    751.88038584	    306.28448317	      7.78510489	      0.00000000	      0.00000000
   2845.66479492	    722.38006665	    307.63881791	      7.04183135	      0.00000000	      0.00000000
   3214.15820312	    690.63423160	    309.18305030	      6.25528143	      0.00000000	      0.00000000
   3624.63183594	    656.61975309	    310.94228909	      5.42334197	      0.00000000	      0.00000000
   4081.86840820	    620.35429202	    312.94195615	      4.55386392	      0.00000000	      0.00000000
   4581.86816406	    582.59655715	    315.15170140	      3.69055304	      0.00000000	      0.00000000
   5081.86816406	    546.74213768	    317.30509613	      2.95177863	      0.00000000	      0.00000000
   5581.86816406	    512.69934031	    319.35859236	      2.33654288	      0.00000000	      0.00000000
   6081.86816406	    480.38677867	    321.33832900	      1.80998634	      0.00000000	      0.00000000
   6581.86816406	    449.72845978	    323.25455459	      1.35703069	      0.00000000	      0.00000000
   7081.86816406	    420.65045912	    325.06297554	      0.98957705	      0.00000000	      0.00000000
   7581.86816406	    393.07819907	    326.69907259	      0.71364532	      0.00000000	      0.00000000
   8081.86816406	    366.93796389	    328.13814258	      0.51249280	      0.00000000	      0.00000000
   8581.86816406	    342.15994876	    329.38704365	      0.36393653	      0.00000000	      0.00000000
   9081.86816406	    318.67933018	    330.45617725	      0.25332324	      0.00000000	      0.00000000
   9581.86816406	    296.43594848	    331.35481498	      0.17329292	      0.00000000	      0.00000000
  10081.86816406	    275.37441083	    332.11044193	      0.11757450	      0.00000000	      0.00000000
  10581.86816406	    255.44470948	    332.77355497	      0.07971723	      0.00000000	      0.00000000
  11081.86816406	    236.60257281	    333.41565585	      0.05394456	      0.00000000	      0.00000000
  11581.86816406	    218.80944556	    334.12867158	      0.03613909	      0.00000000	      0.00000000
  12081.86816406	    202.03254852	    335.03913830	      0.02388387	      0.00000000	      0.00000000
  12581.86816406	    186.24546722	    336.33326390	      0.01556576	      0.00000000	      0.00000000
  13081.86816406	    171.42851600	    338.25434060	      0.01014876	      0.00000000	      0.00000000
  13581.86816406	    157.56830485	    341.10777261	      0.00691331	      0.00000000	      0.00000000
  14081.86816406	    144.65628784	    345.24579678	      0.00519300	      0.00000000	      0.00000000
  14581.86816406	    132.68470706	    350.96539023	      0.00444524	      0.00000000	      0.00000000
  15081.86816406	    121.63933467	    358.36015276	      0.00430310	      0.00000000	      0.00000000
  15581.86816406	    111.49218616	    367.25186598	      0.00452998	      0.00000000	      0.00000000
  16081.86816406	    102.19847663	    377.24109594	      0.00501790	      0.00000000	      0.00000000
  16581.86718750	     93.69929820	    387.84835832	      0.00563155	      0.00000000	      0.00000000
  17081.86718750	     85.92872537	    398.73776834	      0.00625257	      0.00000000	      0.00000000
  17581.86718750	     78.82262542	    409.90369198	      0.00678732	      0.00000000	      0.00000000
  18081.86718750	     72.32643111	    421.87474396	      0.00714751	      0.00000000	      0.00000000
  18581.86718750	     66.39877777	    435.55028002	      0.00726362	      0.00000000	      0.00000000
  19081.86718750	     61.00241541	    450.75102445	      0.00726423	      0.00000000	      0.00000000
  19581.86718750	     56.09188698	    466.29500746	      0.00725374	      0.00000000	      0.00000000
  20081.86718750	     51.61512012	    481.36300056	      0.00724979	      0.00000000	      0.00000000
  20590.05468750	     47.45796776	    496.05010320	      0.00724985	      0.00000000	      0.00000000
  21149.06054688	     43.29162762	    511.78462733	      0.00725112	      0.00000000	      0.00000000
  21763.96679688	     39.14883840	    529.23183729	      0.00725265	      0.00000000	      0.00000000
  22440.36328125	     35.06786134	    549.17746891	      0.00725376	      0.00000000	      0.00000000
  23184.40039062	     31.09105897	    572.21593757	      0.00725419	      0.00000000	      0.00000000
  24002.83984375	     27.26067254	    598.59292387	      0.00725433	      0.00000000	      0.00000000
  24903.12304688	     23.61594122	    628.62415325	      0.00725435	      0.00000000	      0.00000000
  25893.43554688	     20.19254877	    662.91639383	      0.00725435	      0.00000000	      0.00000000
  26982.77929688	     17.02408950	    702.42798337	      0.00725431	      0.00000000	      0.00000000
