      z[m]      p[mb]      tp[K]    q[g/kg]     u[m/s]     v[m/s]
      0.00,         64,    1009.32
     25.00000000	   1006.44580078	    296.60427386	     14.16000462	      0.00000000	      0.00000000
     75.00000000	   1000.71801758	    296.53033770	     13.70332623	      0.00000000	      0.00000000
    127.84809875	    994.68646240	    296.56706610	     13.59612560	      0.00000000	      0.00000000
    186.71687317	    987.99877930	    296.61635783	     13.52760601	      0.00000000	      0.00000000
    252.29220581	    980.58795166	    296.67044953	     13.46011734	      0.00000000	      0.00000000
    325.33816528	    972.38146973	    296.73014995	     13.36901569	      0.00000000	      0.00000000
    406.70581055	    963.29888916	    296.80270352	     13.24220371	      0.00000000	      0.00000000
    497.34317017	    953.25500488	    296.90218105	     13.05006504	      0.00000000	      0.00000000
    598.30627441	    942.15826416	    297.05446399	     12.75264359	      0.00000000	      0.00000000
    710.77154541	    929.91156006	    297.30453294	     12.29431152	      0.00000000	      0.00000000
    836.04931641	    916.41375732	    297.68585662	     11.68395042	      0.00000000	      0.00000000
    975.59924316	    901.55938721	    298.18525961	     11.02144146	      0.00000000	      0.00000000
   1131.04724121	    885.23944092	    298.78053187	     10.37399197	      0.00000000	      0.00000000
   1304.20446777	    867.34075928	    299.45619781	      9.75793839	      0.00000000	      0.00000000
   1497.08850098	    847.74749756	    300.20521901	      9.16574478	      0.00000000	      0.00000000
   1711.94665527	    826.34368896	    301.02910173	      8.58301544	      0.00000000	      0.00000000
   1951.28234863	    803.01727295	    301.93886088	      7.99649096	      0.00000000	      0.00000000
   2217.88403320	    777.66149902	    302.95758977	      7.39322138	      0.00000000	      0.00000000
   2514.85815430	    750.18273926	    304.11373888	      6.75866127	      0.00000000	      0.00000000
   2845.66479492	    720.50390625	    305.43258128	      6.08002424	      0.00000000	      0.00000000
   3214.15820312	    688.57287598	    306.93630116	      5.34999466	      0.00000000	      0.00000000
   3624.63183594	    654.36737061	    308.64356824	      4.57155228	      0.00000000	      0.00000000
   4081.86840820	    617.90600586	    310.56483753	      3.76753235	      0.00000000	      0.00000000
   4581.86816406	    579.94982910	    312.63362551	      2.99906397	      0.00000000	      0.00000000
   5081.86816406	    543.90820312	    314.60097327	      2.35560226	      0.00000000	      0.00000000
   5581.86816406	    509.68823242	    316.48177881	      1.81180632	      0.00000000	      0.00000000
   6081.86816406	    477.20983887	    318.29401367	      1.35091007	      0.00000000	      0.00000000
   6581.86816406	    446.39617920	    320.00063621	      0.97823471	      0.00000000	      0.00000000
   7081.86816406	    417.16979980	    321.54121018	      0.69840461	      0.00000000	      0.00000000
   7581.86816406	    389.45379639	    322.89059877	      0.49619010	      0.00000000	      0.00000000
   8081.86816406	    363.17559814	    324.05569498	      0.34938416	      0.00000000	      0.00000000
   8581.86816406	    338.26794434	    325.04843951	      0.24160738	      0.00000000	      0.00000000
   9081.86816406	    314.66790771	    325.87837438	      0.16405362	      0.00000000	      0.00000000
   9581.86816406	    292.31784058	    326.56752106	      0.11024475	      0.00000000	      0.00000000
  10081.86816406	    271.16470337	    327.15948769	      0.07404925	      0.00000000	      0.00000000
  10581.86816406	    251.16189575	    327.71780399	      0.04981642	      0.00000000	      0.00000000
  11081.86816406	    232.26818848	    328.32516554	      0.03322159	      0.00000000	      0.00000000
  11581.86816406	    214.44808960	    329.09764180	      0.02180725	      0.00000000	      0.00000000
  12081.86816406	    197.67326355	    330.21549368	      0.01405044	      0.00000000	      0.00000000
  12581.86816406	    181.92277527	    331.92952885	      0.00901175	      0.00000000	      0.00000000
  13081.86816406	    167.18341064	    334.56144786	      0.00603740	      0.00000000	      0.00000000
  13581.86816406	    153.44810486	    338.47716413	      0.00447818	      0.00000000	      0.00000000
  14081.86816406	    140.71092224	    343.97999426	      0.00380043	      0.00000000	      0.00000000
  14581.86816406	    128.95880127	    351.17394222	      0.00366166	      0.00000000	      0.00000000
  15081.86816406	    118.16434479	    359.91360302	      0.00385143	      0.00000000	      0.00000000
  15581.86816406	    108.28234100	    369.86008404	      0.00427542	      0.00000000	      0.00000000
  16081.86816406	     99.25238037	    380.55801037	      0.00481426	      0.00000000	      0.00000000
  16581.86718750	     91.00475311	    391.59461994	      0.00536102	      0.00000000	      0.00000000
  17081.86718750	     83.46846771	    402.75622647	      0.00582591	      0.00000000	      0.00000000
  17581.86718750	     76.57823944	    414.14710314	      0.00612561	      0.00000000	      0.00000000
  18081.86718750	     70.28020477	    426.33939125	      0.00620969	      0.00000000	      0.00000000
  18581.86718750	     64.53352356	    440.20838415	      0.00620943	      0.00000000	      0.00000000
  19081.86718750	     59.30105591	    455.50838400	      0.00620568	      0.00000000	      0.00000000
  19581.86718750	     54.53777313	    471.03753201	      0.00620588	      0.00000000	      0.00000000
  20081.86718750	     50.19295883	    486.05156811	      0.00620797	      0.00000000	      0.00000000
  20590.05468750	     46.15637589	    500.71619331	      0.00621561	      0.00000000	      0.00000000
  21149.06054688	     42.10944366	    516.49163424	      0.00623300	      0.00000000	      0.00000000
  21763.96679688	     38.08441925	    534.04828374	      0.00625915	      0.00000000	      0.00000000
  22440.36328125	     34.11898041	    554.20048688	      0.00628530	      0.00000000	      0.00000000
  23184.40039062	     30.25466156	    577.51251391	      0.00629917	      0.00000000	      0.00000000
  24002.83984375	     26.53259850	    604.21557479	      0.00629975	      0.00000000	      0.00000000
  24903.12304688	     22.99080849	    634.59366513	      0.00629979	      0.00000000	      0.00000000
  25893.43554688	     19.66378212	    669.26717100	      0.00629990	      0.00000000	      0.00000000
  26982.77929688	     16.58405304	    709.21392423	      0.00629967	      0.00000000	      0.00000000
  10000.00,         64,    1009.32
     25.00000000	   1006.44580078	    296.60427386	     14.16000462	      0.00000000	      0.00000000
     75.00000000	   1000.71801758	    296.53033770	     13.70332623	      0.00000000	      0.00000000
    127.84809875	    994.68646240	    296.56706610	     13.59612560	      0.00000000	      0.00000000
    186.71687317	    987.99877930	    296.61635783	     13.52760601	      0.00000000	      0.00000000
    252.29220581	    980.58795166	    296.67044953	     13.46011734	      0.00000000	      0.00000000
    325.33816528	    972.38146973	    296.73014995	     13.36901569	      0.00000000	      0.00000000
    406.70581055	    963.29888916	    296.80270352	     13.24220371	      0.00000000	      0.00000000
    497.34317017	    953.25500488	    296.90218105	     13.05006504	      0.00000000	      0.00000000
    598.30627441	    942.15826416	    297.05446399	     12.75264359	      0.00000000	      0.00000000
    710.77154541	    929.91156006	    297.30453294	     12.29431152	      0.00000000	      0.00000000
    836.04931641	    916.41375732	    297.68585662	     11.68395042	      0.00000000	      0.00000000
    975.59924316	    901.55938721	    298.18525961	     11.02144146	      0.00000000	      0.00000000
   1131.04724121	    885.23944092	    298.78053187	     10.37399197	      0.00000000	      0.00000000
   1304.20446777	    867.34075928	    299.45619781	      9.75793839	      0.00000000	      0.00000000
   1497.08850098	    847.74749756	    300.20521901	      9.16574478	      0.00000000	      0.00000000
   1711.94665527	    826.34368896	    301.02910173	      8.58301544	      0.00000000	      0.00000000
   1951.28234863	    803.01727295	    301.93886088	      7.99649096	      0.00000000	      0.00000000
   2217.88403320	    777.66149902	    302.95758977	      7.39322138	      0.00000000	      0.00000000
   2514.85815430	    750.18273926	    304.11373888	      6.75866127	      0.00000000	      0.00000000
   2845.66479492	    720.50390625	    305.43258128	      6.08002424	      0.00000000	      0.00000000
   3214.15820312	    688.57287598	    306.93630116	      5.34999466	      0.00000000	      0.00000000
   3624.63183594	    654.36737061	    308.64356824	      4.57155228	      0.00000000	      0.00000000
   4081.86840820	    617.90600586	    310.56483753	      3.76753235	      0.00000000	      0.00000000
   4581.86816406	    579.94982910	    312.63362551	      2.99906397	      0.00000000	      0.00000000
   5081.86816406	    543.90820312	    314.60097327	      2.35560226	      0.00000000	      0.00000000
   5581.86816406	    509.68823242	    316.48177881	      1.81180632	      0.00000000	      0.00000000
   6081.86816406	    477.20983887	    318.29401367	      1.35091007	      0.00000000	      0.00000000
   6581.86816406	    446.39617920	    320.00063621	      0.97823471	      0.00000000	      0.00000000
   7081.86816406	    417.16979980	    321.54121018	      0.69840461	      0.00000000	      0.00000000
   7581.86816406	    389.45379639	    322.89059877	      0.49619010	      0.00000000	      0.00000000
   8081.86816406	    363.17559814	    324.05569498	      0.34938416	      0.00000000	      0.00000000
   8581.86816406	    338.26794434	    325.04843951	      0.24160738	      0.00000000	      0.00000000
   9081.86816406	    314.66790771	    325.87837438	      0.16405362	      0.00000000	      0.00000000
   9581.86816406	    292.31784058	    326.56752106	      0.11024475	      0.00000000	      0.00000000
  10081.86816406	    271.16470337	    327.15948769	      0.07404925	      0.00000000	      0.00000000
  10581.86816406	    251.16189575	    327.71780399	      0.04981642	      0.00000000	      0.00000000
  11081.86816406	    232.26818848	    328.32516554	      0.03322159	      0.00000000	      0.00000000
  11581.86816406	    214.44808960	    329.09764180	      0.02180725	      0.00000000	      0.00000000
  12081.86816406	    197.67326355	    330.21549368	      0.01405044	      0.00000000	      0.00000000
  12581.86816406	    181.92277527	    331.92952885	      0.00901175	      0.00000000	      0.00000000
  13081.86816406	    167.18341064	    334.56144786	      0.00603740	      0.00000000	      0.00000000
  13581.86816406	    153.44810486	    338.47716413	      0.00447818	      0.00000000	      0.00000000
  14081.86816406	    140.71092224	    343.97999426	      0.00380043	      0.00000000	      0.00000000
  14581.86816406	    128.95880127	    351.17394222	      0.00366166	      0.00000000	      0.00000000
  15081.86816406	    118.16434479	    359.91360302	      0.00385143	      0.00000000	      0.00000000
  15581.86816406	    108.28234100	    369.86008404	      0.00427542	      0.00000000	      0.00000000
  16081.86816406	     99.25238037	    380.55801037	      0.00481426	      0.00000000	      0.00000000
  16581.86718750	     91.00475311	    391.59461994	      0.00536102	      0.00000000	      0.00000000
  17081.86718750	     83.46846771	    402.75622647	      0.00582591	      0.00000000	      0.00000000
  17581.86718750	     76.57823944	    414.14710314	      0.00612561	      0.00000000	      0.00000000
  18081.86718750	     70.28020477	    426.33939125	      0.00620969	      0.00000000	      0.00000000
  18581.86718750	     64.53352356	    440.20838415	      0.00620943	      0.00000000	      0.00000000
  19081.86718750	     59.30105591	    455.50838400	      0.00620568	      0.00000000	      0.00000000
  19581.86718750	     54.53777313	    471.03753201	      0.00620588	      0.00000000	      0.00000000
  20081.86718750	     50.19295883	    486.05156811	      0.00620797	      0.00000000	      0.00000000
  20590.05468750	     46.15637589	    500.71619331	      0.00621561	      0.00000000	      0.00000000
  21149.06054688	     42.10944366	    516.49163424	      0.00623300	      0.00000000	      0.00000000
  21763.96679688	     38.08441925	    534.04828374	      0.00625915	      0.00000000	      0.00000000
  22440.36328125	     34.11898041	    554.20048688	      0.00628530	      0.00000000	      0.00000000
  23184.40039062	     30.25466156	    577.51251391	      0.00629917	      0.00000000	      0.00000000
  24002.83984375	     26.53259850	    604.21557479	      0.00629975	      0.00000000	      0.00000000
  24903.12304688	     22.99080849	    634.59366513	      0.00629979	      0.00000000	      0.00000000
  25893.43554688	     19.66378212	    669.26717100	      0.00629990	      0.00000000	      0.00000000
  26982.77929688	     16.58405304	    709.21392423	      0.00629967	      0.00000000	      0.00000000
