      z[m]      p[mb]      tp[K]    q[g/kg]     u[m/s]     v[m/s]
      0.00,         64,    1009.32
     25.00000000	   1006.44632881	    296.59966722	     14.14618123	      0.00000000	      0.00000000
     75.00000000	   1000.71726965	    296.52517919	     13.68716957	      0.00000000	      0.00000000
    127.84809875	    994.68566931	    296.56209614	     13.57859330	      0.00000000	      0.00000000
    186.71687317	    987.99804873	    296.61166389	     13.50954488	      0.00000000	      0.00000000
    252.29220581	    980.58736758	    296.66610152	     13.44184596	      0.00000000	      0.00000000
    325.33816528	    972.38038958	    296.72608086	     13.35099646	      0.00000000	      0.00000000
    406.70581055	    963.29768286	    296.79862283	     13.22482958	      0.00000000	      0.00000000
    497.34317017	    953.25359946	    296.89761548	     13.03417353	      0.00000000	      0.00000000
    598.30627441	    942.15648994	    297.04890323	     12.73929589	      0.00000000	      0.00000000
    710.77154541	    929.90941992	    297.29697781	     12.28438604	      0.00000000	      0.00000000
    836.04931641	    916.41116013	    297.67654558	     11.67569056	      0.00000000	      0.00000000
    975.59924316	    901.55644521	    298.17511127	     11.01278209	      0.00000000	      0.00000000
   1131.04724121	    885.23584336	    298.77022099	     10.36416280	      0.00000000	      0.00000000
   1304.20446777	    867.33626292	    299.44581769	      9.74740799	      0.00000000	      0.00000000
   1497.08850098	    847.74221377	    300.19423369	      9.15521110	      0.00000000	      0.00000000
   1711.94665527	    826.33791116	    301.01648363	      8.57282507	      0.00000000	      0.00000000
   1951.28234863	    803.01031807	    301.92445220	      7.98576542	      0.00000000	      0.00000000
   2217.88403320	    777.65334749	    302.94144768	      7.38072584	      0.00000000	      0.00000000
   2514.85815430	    750.17290940	    304.09632032	      6.74286477	      0.00000000	      0.00000000
   2845.66479492	    720.49250730	    305.41463983	      6.05935275	      0.00000000	      0.00000000
   3214.15820312	    688.55937461	    306.91768801	      5.32431551	      0.00000000	      0.00000000
   3624.63183594	    654.35160273	    308.62336595	      4.54217675	      0.00000000	      0.00000000
   4081.86840820	    617.88775657	    310.54322709	      3.73646336	      0.00000000	      0.00000000
   4581.86816406	    579.92912422	    312.61178890	      2.96886007	      0.00000000	      0.00000000
   5081.86816406	    543.88540210	    314.57883551	      2.32842399	      0.00000000	      0.00000000
   5581.86816406	    509.66356211	    316.45910440	      1.78848231	      0.00000000	      0.00000000
   6081.86816406	    477.18368569	    318.27077642	      1.33188250	      0.00000000	      0.00000000
   6581.86816406	    446.36873379	    319.97718174	      0.96389720	      0.00000000	      0.00000000
   7081.86816406	    417.14122412	    321.51732675	      0.68848931	      0.00000000	      0.00000000
   7581.86816406	    389.42447698	    322.86611666	      0.48969560	      0.00000000	      0.00000000
   8081.86816406	    363.14571392	    324.02918607	      0.34515625	      0.00000000	      0.00000000
   8581.86816406	    338.23730874	    325.01837710	      0.23906996	      0.00000000	      0.00000000
   9081.86816406	    314.63655923	    325.84461497	      0.16278686	      0.00000000	      0.00000000
   9581.86816406	    292.28562504	    326.53166305	      0.10973770	      0.00000000	      0.00000000
  10081.86816406	    271.13200063	    327.12381872	      0.07385223	      0.00000000	      0.00000000
  10581.86816406	    251.12885565	    327.68379532	      0.04968297	      0.00000000	      0.00000000
  11081.86816406	    232.23506627	    328.29449977	      0.03311020	      0.00000000	      0.00000000
  11581.86816406	    214.41539629	    329.07251993	      0.02171876	      0.00000000	      0.00000000
  12081.86816406	    197.64139828	    330.19974839	      0.01399849	      0.00000000	      0.00000000
  12581.86816406	    181.89233556	    331.92769351	      0.00899514	      0.00000000	      0.00000000
  13081.86816406	    167.15511290	    334.57806037	      0.00603999	      0.00000000	      0.00000000
  13581.86816406	    153.42259537	    338.51618980	      0.00448752	      0.00000000	      0.00000000
  14081.86816406	    140.68872421	    344.04263406	      0.00381454	      0.00000000	      0.00000000
  14581.86816406	    128.94029978	    351.25321576	      0.00367975	      0.00000000	      0.00000000
  15081.86816406	    118.14927373	    359.99227286	      0.00387158	      0.00000000	      0.00000000
  15581.86816406	    108.26998807	    369.91761551	      0.00429599	      0.00000000	      0.00000000
  16081.86816406	     99.24183188	    380.59111271	      0.00483410	      0.00000000	      0.00000000
  16581.86718750	     90.99544400	    391.61771509	      0.00537806	      0.00000000	      0.00000000
  17081.86718750	     83.46018615	    402.78629499	      0.00583644	      0.00000000	      0.00000000
  17581.86718750	     76.57111116	    414.19644356	      0.00612629	      0.00000000	      0.00000000
  18081.86718750	     70.27435407	    426.41025411	      0.00620134	      0.00000000	      0.00000000
  18581.86718750	     64.52902873	    440.29558322	      0.00619969	      0.00000000	      0.00000000
  19081.86718750	     59.29786655	    455.60359139	      0.00618881	      0.00000000	      0.00000000
  19581.86718750	     54.53570541	    471.13083966	      0.00618364	      0.00000000	      0.00000000
  20081.86718750	     50.19178860	    486.13602741	      0.00618328	      0.00000000	      0.00000000
  20590.05468750	     46.15593181	    500.79386663	      0.00618398	      0.00000000	      0.00000000
  21149.06054688	     42.10964162	    516.57600810	      0.00618468	      0.00000000	      0.00000000
  21763.96679688	     38.08530275	    534.15391592	      0.00618486	      0.00000000	      0.00000000
  22440.36328125	     34.12063989	    554.33432314	      0.00618444	      0.00000000	      0.00000000
  23184.40039062	     30.25716150	    577.67726859	      0.00618402	      0.00000000	      0.00000000
  24002.83984375	     26.53594222	    604.40664438	      0.00618401	      0.00000000	      0.00000000
  24903.12304688	     22.99491272	    634.80393401	      0.00618401	      0.00000000	      0.00000000
  25893.43554688	     19.66850345	    669.49423418	      0.00618401	      0.00000000	      0.00000000
  26982.77929688	     16.58923045	    709.46016071	      0.00618401	      0.00000000	      0.00000000
  10000.00,         64,    1009.32
     25.00000000	   1006.44632881	    296.59966722	     14.14618123	      0.00000000	      0.00000000
     75.00000000	   1000.71726965	    296.52517919	     13.68716957	      0.00000000	      0.00000000
    127.84809875	    994.68566931	    296.56209614	     13.57859330	      0.00000000	      0.00000000
    186.71687317	    987.99804873	    296.61166389	     13.50954488	      0.00000000	      0.00000000
    252.29220581	    980.58736758	    296.66610152	     13.44184596	      0.00000000	      0.00000000
    325.33816528	    972.38038958	    296.72608086	     13.35099646	      0.00000000	      0.00000000
    406.70581055	    963.29768286	    296.79862283	     13.22482958	      0.00000000	      0.00000000
    497.34317017	    953.25359946	    296.89761548	     13.03417353	      0.00000000	      0.00000000
    598.30627441	    942.15648994	    297.04890323	     12.73929589	      0.00000000	      0.00000000
    710.77154541	    929.90941992	    297.29697781	     12.28438604	      0.00000000	      0.00000000
    836.04931641	    916.41116013	    297.67654558	     11.67569056	      0.00000000	      0.00000000
    975.59924316	    901.55644521	    298.17511127	     11.01278209	      0.00000000	      0.00000000
   1131.04724121	    885.23584336	    298.77022099	     10.36416280	      0.00000000	      0.00000000
   1304.20446777	    867.33626292	    299.44581769	      9.74740799	      0.00000000	      0.00000000
   1497.08850098	    847.74221377	    300.19423369	      9.15521110	      0.00000000	      0.00000000
   1711.94665527	    826.33791116	    301.01648363	      8.57282507	      0.00000000	      0.00000000
   1951.28234863	    803.01031807	    301.92445220	      7.98576542	      0.00000000	      0.00000000
   2217.88403320	    777.65334749	    302.94144768	      7.38072584	      0.00000000	      0.00000000
   2514.85815430	    750.17290940	    304.09632032	      6.74286477	      0.00000000	      0.00000000
   2845.66479492	    720.49250730	    305.41463983	      6.05935275	      0.00000000	      0.00000000
   3214.15820312	    688.55937461	    306.91768801	      5.32431551	      0.00000000	      0.00000000
   3624.63183594	    654.35160273	    308.62336595	      4.54217675	      0.00000000	      0.00000000
   4081.86840820	    617.88775657	    310.54322709	      3.73646336	      0.00000000	      0.00000000
   4581.86816406	    579.92912422	    312.61178890	      2.96886007	      0.00000000	      0.00000000
   5081.86816406	    543.88540210	    314.57883551	      2.32842399	      0.00000000	      0.00000000
   5581.86816406	    509.66356211	    316.45910440	      1.78848231	      0.00000000	      0.00000000
   6081.86816406	    477.18368569	    318.27077642	      1.33188250	      0.00000000	      0.00000000
   6581.86816406	    446.36873379	    319.97718174	      0.96389720	      0.00000000	      0.00000000
   7081.86816406	    417.14122412	    321.51732675	      0.68848931	      0.00000000	      0.00000000
   7581.86816406	    389.42447698	    322.86611666	      0.48969560	      0.00000000	      0.00000000
   8081.86816406	    363.14571392	    324.02918607	      0.34515625	      0.00000000	      0.00000000
   8581.86816406	    338.23730874	    325.01837710	      0.23906996	      0.00000000	      0.00000000
   9081.86816406	    314.63655923	    325.84461497	      0.16278686	      0.00000000	      0.00000000
   9581.86816406	    292.28562504	    326.53166305	      0.10973770	      0.00000000	      0.00000000
  10081.86816406	    271.13200063	    327.12381872	      0.07385223	      0.00000000	      0.00000000
  10581.86816406	    251.12885565	    327.68379532	      0.04968297	      0.00000000	      0.00000000
  11081.86816406	    232.23506627	    328.29449977	      0.03311020	      0.00000000	      0.00000000
  11581.86816406	    214.41539629	    329.07251993	      0.02171876	      0.00000000	      0.00000000
  12081.86816406	    197.64139828	    330.19974839	      0.01399849	      0.00000000	      0.00000000
  12581.86816406	    181.89233556	    331.92769351	      0.00899514	      0.00000000	      0.00000000
  13081.86816406	    167.15511290	    334.57806037	      0.00603999	      0.00000000	      0.00000000
  13581.86816406	    153.42259537	    338.51618980	      0.00448752	      0.00000000	      0.00000000
  14081.86816406	    140.68872421	    344.04263406	      0.00381454	      0.00000000	      0.00000000
  14581.86816406	    128.94029978	    351.25321576	      0.00367975	      0.00000000	      0.00000000
  15081.86816406	    118.14927373	    359.99227286	      0.00387158	      0.00000000	      0.00000000
  15581.86816406	    108.26998807	    369.91761551	      0.00429599	      0.00000000	      0.00000000
  16081.86816406	     99.24183188	    380.59111271	      0.00483410	      0.00000000	      0.00000000
  16581.86718750	     90.99544400	    391.61771509	      0.00537806	      0.00000000	      0.00000000
  17081.86718750	     83.46018615	    402.78629499	      0.00583644	      0.00000000	      0.00000000
  17581.86718750	     76.57111116	    414.19644356	      0.00612629	      0.00000000	      0.00000000
  18081.86718750	     70.27435407	    426.41025411	      0.00620134	      0.00000000	      0.00000000
  18581.86718750	     64.52902873	    440.29558322	      0.00619969	      0.00000000	      0.00000000
  19081.86718750	     59.29786655	    455.60359139	      0.00618881	      0.00000000	      0.00000000
  19581.86718750	     54.53570541	    471.13083966	      0.00618364	      0.00000000	      0.00000000
  20081.86718750	     50.19178860	    486.13602741	      0.00618328	      0.00000000	      0.00000000
  20590.05468750	     46.15593181	    500.79386663	      0.00618398	      0.00000000	      0.00000000
  21149.06054688	     42.10964162	    516.57600810	      0.00618468	      0.00000000	      0.00000000
  21763.96679688	     38.08530275	    534.15391592	      0.00618486	      0.00000000	      0.00000000
  22440.36328125	     34.12063989	    554.33432314	      0.00618444	      0.00000000	      0.00000000
  23184.40039062	     30.25716150	    577.67726859	      0.00618402	      0.00000000	      0.00000000
  24002.83984375	     26.53594222	    604.40664438	      0.00618401	      0.00000000	      0.00000000
  24903.12304688	     22.99491272	    634.80393401	      0.00618401	      0.00000000	      0.00000000
  25893.43554688	     19.66850345	    669.49423418	      0.00618401	      0.00000000	      0.00000000
  26982.77929688	     16.58923045	    709.46016071	      0.00618401	      0.00000000	      0.00000000
