      z[m]      p[mb]      tp[K]    q[g/kg]     u[m/s]     v[m/s]
      0.00,         64,    1009.32
     25.00000000	   1006.38889150	    291.53746346	      9.87270651	      0.00000000	      0.00000000
     75.00000000	   1000.54574951	    291.45225406	      9.49595116	      0.00000000	      0.00000000
    127.84809875	    994.39455481	    291.48255284	      9.40837402	      0.00000000	      0.00000000
    186.71687317	    987.57493171	    291.52768294	      9.36005490	      0.00000000	      0.00000000
    252.29220581	    980.01875925	    291.57770608	      9.31616026	      0.00000000	      0.00000000
    325.33816528	    971.65163367	    291.63162387	      9.25730132	      0.00000000	      0.00000000
    406.70581055	    962.39286284	    291.69379219	      9.17450785	      0.00000000	      0.00000000
    497.34317017	    952.15541150	    291.77310004	      9.04987927	      0.00000000	      0.00000000
    598.30627441	    940.84601570	    291.88566936	      8.85915295	      0.00000000	      0.00000000
    710.77154541	    928.36569280	    292.06176853	      8.56438152	      0.00000000	      0.00000000
    836.04931641	    914.61078284	    292.34025554	      8.14227928	      0.00000000	      0.00000000
    975.59924316	    899.47375415	    292.73154533	      7.64350253	      0.00000000	      0.00000000
   1131.04724121	    882.84337407	    293.21835950	      7.14194345	      0.00000000	      0.00000000
   1304.20446777	    864.60514705	    293.78694915	      6.66759856	      0.00000000	      0.00000000
   1497.08850098	    844.64275613	    294.43428288	      6.21671974	      0.00000000	      0.00000000
   1711.94665527	    822.84035669	    295.16502772	      5.77233504	      0.00000000	      0.00000000
   1951.28234863	    799.08545740	    295.98580451	      5.31692432	      0.00000000	      0.00000000
   2217.88403320	    773.27264207	    296.90777386	      4.83477610	      0.00000000	      0.00000000
   2514.85815430	    745.30853809	    297.95218308	      4.31110827	      0.00000000	      0.00000000
   2845.66479492	    715.11811162	    299.14398312	      3.74074057	      0.00000000	      0.00000000
   3214.15820312	    682.65046702	    300.48225524	      3.14319507	      0.00000000	      0.00000000
   3624.63183594	    647.88353699	    301.93385310	      2.55496674	      0.00000000	      0.00000000
   4081.86840820	    610.83288928	    303.48222138	      1.99871283	      0.00000000	      0.00000000
   4581.86816406	    572.27019043	    305.11550461	      1.48349273	      0.00000000	      0.00000000
   5081.86816406	    535.66155183	    306.65801608	      1.06020469	      0.00000000	      0.00000000
   5581.86816406	    500.91190828	    308.05452260	      0.73925634	      0.00000000	      0.00000000
   6081.86816406	    467.93406714	    309.26989228	      0.51302880	      0.00000000	      0.00000000
   6581.86816406	    436.64463320	    310.31200328	      0.35575360	      0.00000000	      0.00000000
   7081.86816406	    406.96613633	    311.19447359	      0.24527413	      0.00000000	      0.00000000
   7581.86816406	    378.82651520	    311.92518493	      0.16702424	      0.00000000	      0.00000000
   8081.86816406	    352.15881650	    312.52132826	      0.11197506	      0.00000000	      0.00000000
   8581.86816406	    326.90159635	    313.01362868	      0.07407388	      0.00000000	      0.00000000
   9081.86816406	    302.99885526	    313.43750081	      0.04880262	      0.00000000	      0.00000000
   9581.86816406	    280.39969115	    313.83837798	      0.03211509	      0.00000000	      0.00000000
  10081.86816406	    259.05828243	    314.27902035	      0.02091034	      0.00000000	      0.00000000
  10581.86816406	    238.93486617	    314.87100730	      0.01334187	      0.00000000	      0.00000000
  11081.86816406	    219.99847533	    315.82540181	      0.00830425	      0.00000000	      0.00000000
  11581.86816406	    202.23011133	    317.47477105	      0.00521521	      0.00000000	      0.00000000
  12081.86816406	    185.62334140	    320.24027506	      0.00355083	      0.00000000	      0.00000000
  12581.86816406	    170.17948563	    324.52363918	      0.00278042	      0.00000000	      0.00000000
  13081.86816406	    155.89594995	    330.50738729	      0.00252888	      0.00000000	      0.00000000
  13581.86816406	    142.75286393	    338.07744579	      0.00254258	      0.00000000	      0.00000000
  14081.86816406	    130.70722928	    346.94382718	      0.00272549	      0.00000000	      0.00000000
  14581.86816406	    119.69637794	    356.77862538	      0.00300905	      0.00000000	      0.00000000
  15081.86816406	    109.64579069	    367.30130356	      0.00332475	      0.00000000	      0.00000000
  15581.86816406	    100.47679955	    378.31279625	      0.00360624	      0.00000000	      0.00000000
  16081.86816406	     92.11224624	    389.70438876	      0.00378584	      0.00000000	      0.00000000
  16581.86718750	     84.47956225	    401.41424515	      0.00382357	      0.00000000	      0.00000000
  17081.86718750	     77.51136380	    413.35336592	      0.00382162	      0.00000000	      0.00000000
  17581.86718750	     71.14611643	    425.52528407	      0.00381676	      0.00000000	      0.00000000
  18081.86718750	     65.33060067	    438.27794245	      0.00381553	      0.00000000	      0.00000000
  18581.86718750	     60.02267563	    452.40051209	      0.00381571	      0.00000000	      0.00000000
  19081.86718750	     55.18485486	    467.68601712	      0.00381611	      0.00000000	      0.00000000
  19581.86718750	     50.77448543	    483.02594393	      0.00381651	      0.00000000	      0.00000000
  20081.86718750	     46.74550991	    497.82265782	      0.00381680	      0.00000000	      0.00000000
  20590.05468750	     42.99781808	    512.43656521	      0.00381696	      0.00000000	      0.00000000
  21149.06054688	     39.23802836	    528.50638211	      0.00381706	      0.00000000	      0.00000000
  21763.96679688	     35.49840480	    546.71360992	      0.00381716	      0.00000000	      0.00000000
  22440.36328125	     31.81543391	    567.78010878	      0.00381730	      0.00000000	      0.00000000
  23184.40039062	     28.22763384	    592.02937925	      0.00381739	      0.00000000	      0.00000000
  24002.83984375	     24.77191520	    619.56735676	      0.00381743	      0.00000000	      0.00000000
  24903.12304688	     21.48202787	    650.61610475	      0.00381744	      0.00000000	      0.00000000
  25893.43554688	     18.38897337	    685.89163301	      0.00381744	      0.00000000	      0.00000000
  26982.77929688	     15.52286038	    726.52242413	      0.00381743	      0.00000000	      0.00000000
  10000.00,         64,    1009.32
     25.00000000	   1006.38889150	    291.53746346	      9.87270651	      0.00000000	      0.00000000
     75.00000000	   1000.54574951	    291.45225406	      9.49595116	      0.00000000	      0.00000000
    127.84809875	    994.39455481	    291.48255284	      9.40837402	      0.00000000	      0.00000000
    186.71687317	    987.57493171	    291.52768294	      9.36005490	      0.00000000	      0.00000000
    252.29220581	    980.01875925	    291.57770608	      9.31616026	      0.00000000	      0.00000000
    325.33816528	    971.65163367	    291.63162387	      9.25730132	      0.00000000	      0.00000000
    406.70581055	    962.39286284	    291.69379219	      9.17450785	      0.00000000	      0.00000000
    497.34317017	    952.15541150	    291.77310004	      9.04987927	      0.00000000	      0.00000000
    598.30627441	    940.84601570	    291.88566936	      8.85915295	      0.00000000	      0.00000000
    710.77154541	    928.36569280	    292.06176853	      8.56438152	      0.00000000	      0.00000000
    836.04931641	    914.61078284	    292.34025554	      8.14227928	      0.00000000	      0.00000000
    975.59924316	    899.47375415	    292.73154533	      7.64350253	      0.00000000	      0.00000000
   1131.04724121	    882.84337407	    293.21835950	      7.14194345	      0.00000000	      0.00000000
   1304.20446777	    864.60514705	    293.78694915	      6.66759856	      0.00000000	      0.00000000
   1497.08850098	    844.64275613	    294.43428288	      6.21671974	      0.00000000	      0.00000000
   1711.94665527	    822.84035669	    295.16502772	      5.77233504	      0.00000000	      0.00000000
   1951.28234863	    799.08545740	    295.98580451	      5.31692432	      0.00000000	      0.00000000
   2217.88403320	    773.27264207	    296.90777386	      4.83477610	      0.00000000	      0.00000000
   2514.85815430	    745.30853809	    297.95218308	      4.31110827	      0.00000000	      0.00000000
   2845.66479492	    715.11811162	    299.14398312	      3.74074057	      0.00000000	      0.00000000
   3214.15820312	    682.65046702	    300.48225524	      3.14319507	      0.00000000	      0.00000000
   3624.63183594	    647.88353699	    301.93385310	      2.55496674	      0.00000000	      0.00000000
   4081.86840820	    610.83288928	    303.48222138	      1.99871283	      0.00000000	      0.00000000
   4581.86816406	    572.27019043	    305.11550461	      1.48349273	      0.00000000	      0.00000000
   5081.86816406	    535.66155183	    306.65801608	      1.06020469	      0.00000000	      0.00000000
   5581.86816406	    500.91190828	    308.05452260	      0.73925634	      0.00000000	      0.00000000
   6081.86816406	    467.93406714	    309.26989228	      0.51302880	      0.00000000	      0.00000000
   6581.86816406	    436.64463320	    310.31200328	      0.35575360	      0.00000000	      0.00000000
   7081.86816406	    406.96613633	    311.19447359	      0.24527413	      0.00000000	      0.00000000
   7581.86816406	    378.82651520	    311.92518493	      0.16702424	      0.00000000	      0.00000000
   8081.86816406	    352.15881650	    312.52132826	      0.11197506	      0.00000000	      0.00000000
   8581.86816406	    326.90159635	    313.01362868	      0.07407388	      0.00000000	      0.00000000
   9081.86816406	    302.99885526	    313.43750081	      0.04880262	      0.00000000	      0.00000000
   9581.86816406	    280.39969115	    313.83837798	      0.03211509	      0.00000000	      0.00000000
  10081.86816406	    259.05828243	    314.27902035	      0.02091034	      0.00000000	      0.00000000
  10581.86816406	    238.93486617	    314.87100730	      0.01334187	      0.00000000	      0.00000000
  11081.86816406	    219.99847533	    315.82540181	      0.00830425	      0.00000000	      0.00000000
  11581.86816406	    202.23011133	    317.47477105	      0.00521521	      0.00000000	      0.00000000
  12081.86816406	    185.62334140	    320.24027506	      0.00355083	      0.00000000	      0.00000000
  12581.86816406	    170.17948563	    324.52363918	      0.00278042	      0.00000000	      0.00000000
  13081.86816406	    155.89594995	    330.50738729	      0.00252888	      0.00000000	      0.00000000
  13581.86816406	    142.75286393	    338.07744579	      0.00254258	      0.00000000	      0.00000000
  14081.86816406	    130.70722928	    346.94382718	      0.00272549	      0.00000000	      0.00000000
  14581.86816406	    119.69637794	    356.77862538	      0.00300905	      0.00000000	      0.00000000
  15081.86816406	    109.64579069	    367.30130356	      0.00332475	      0.00000000	      0.00000000
  15581.86816406	    100.47679955	    378.31279625	      0.00360624	      0.00000000	      0.00000000
  16081.86816406	     92.11224624	    389.70438876	      0.00378584	      0.00000000	      0.00000000
  16581.86718750	     84.47956225	    401.41424515	      0.00382357	      0.00000000	      0.00000000
  17081.86718750	     77.51136380	    413.35336592	      0.00382162	      0.00000000	      0.00000000
  17581.86718750	     71.14611643	    425.52528407	      0.00381676	      0.00000000	      0.00000000
  18081.86718750	     65.33060067	    438.27794245	      0.00381553	      0.00000000	      0.00000000
  18581.86718750	     60.02267563	    452.40051209	      0.00381571	      0.00000000	      0.00000000
  19081.86718750	     55.18485486	    467.68601712	      0.00381611	      0.00000000	      0.00000000
  19581.86718750	     50.77448543	    483.02594393	      0.00381651	      0.00000000	      0.00000000
  20081.86718750	     46.74550991	    497.82265782	      0.00381680	      0.00000000	      0.00000000
  20590.05468750	     42.99781808	    512.43656521	      0.00381696	      0.00000000	      0.00000000
  21149.06054688	     39.23802836	    528.50638211	      0.00381706	      0.00000000	      0.00000000
  21763.96679688	     35.49840480	    546.71360992	      0.00381716	      0.00000000	      0.00000000
  22440.36328125	     31.81543391	    567.78010878	      0.00381730	      0.00000000	      0.00000000
  23184.40039062	     28.22763384	    592.02937925	      0.00381739	      0.00000000	      0.00000000
  24002.83984375	     24.77191520	    619.56735676	      0.00381743	      0.00000000	      0.00000000
  24903.12304688	     21.48202787	    650.61610475	      0.00381744	      0.00000000	      0.00000000
  25893.43554688	     18.38897337	    685.89163301	      0.00381744	      0.00000000	      0.00000000
  26982.77929688	     15.52286038	    726.52242413	      0.00381743	      0.00000000	      0.00000000
