      z[m]      p[mb]      tp[K]    q[g/kg]     u[m/s]     v[m/s]
      0.00,         64,    1009.32
     25.00000000	   1006.44754541	    296.76861422	     14.18491497	      0.00000000	      0.00000000
     75.00000000	   1000.72023232	    296.65181628	     13.57280121	      0.00000000	      0.00000000
    127.84809875	    994.68943688	    296.67320654	     13.37420359	      0.00000000	      0.00000000
    186.71687317	    988.00231653	    296.72446613	     13.27772297	      0.00000000	      0.00000000
    252.29220581	    980.59217715	    296.78448172	     13.19074400	      0.00000000	      0.00000000
    325.33816528	    972.38592371	    296.85305955	     13.08907658	      0.00000000	      0.00000000
    406.70581055	    963.30424009	    296.93495281	     12.95446535	      0.00000000	      0.00000000
    497.34317017	    953.26155762	    297.04247010	     12.76192932	      0.00000000	      0.00000000
    598.30627441	    942.16625714	    297.19766075	     12.47841860	      0.00000000	      0.00000000
    710.77154541	    929.92129950	    297.44017355	     12.05446930	      0.00000000	      0.00000000
    836.04931641	    916.42525754	    297.80892314	     11.47991053	      0.00000000	      0.00000000
    975.59924316	    901.57280164	    298.30232315	     10.83163294	      0.00000000	      0.00000000
   1131.04724121	    885.25469620	    298.90197586	     10.17635529	      0.00000000	      0.00000000
   1304.20446777	    867.35822424	    299.59132216	      9.53773359	      0.00000000	      0.00000000
   1497.08850098	    847.76828755	    300.35825611	      8.91670569	      0.00000000	      0.00000000
   1711.94665527	    826.36944604	    301.20264062	      8.30098809	      0.00000000	      0.00000000
   1951.28234863	    803.04895295	    302.13394304	      7.67851353	      0.00000000	      0.00000000
   2217.88403320	    777.70061747	    303.16616080	      7.04150265	      0.00000000	      0.00000000
   2514.85815430	    750.22932557	    304.31632542	      6.38252944	      0.00000000	      0.00000000
   2845.66479492	    720.55664116	    305.60577040	      5.69220433	      0.00000000	      0.00000000
   3214.15820312	    688.62747025	    307.05846571	      4.96590957	      0.00000000	      0.00000000
   3624.63183594	    654.41820419	    308.70678232	      4.20640290	      0.00000000	      0.00000000
   4081.86840820	    617.94786466	    310.58767060	      3.43354805	      0.00000000	      0.00000000
   4581.86816406	    579.98160352	    312.66215497	      2.70144360	      0.00000000	      0.00000000
   5081.86816406	    543.93439055	    314.67091594	      2.08957445	      0.00000000	      0.00000000
   5581.86816406	    509.71450892	    316.59421458	      1.57920463	      0.00000000	      0.00000000
   6081.86816406	    477.24044088	    318.43035461	      1.16178918	      0.00000000	      0.00000000
   6581.86816406	    446.43309749	    320.14683128	      0.83889798	      0.00000000	      0.00000000
   7081.86816406	    417.21402094	    321.69728519	      0.60279302	      0.00000000	      0.00000000
   7581.86816406	    389.50629683	    323.05900675	      0.43193518	      0.00000000	      0.00000000
   8081.86816406	    363.23670358	    324.23001241	      0.30612969	      0.00000000	      0.00000000
   8581.86816406	    338.33685737	    325.21806654	      0.21411577	      0.00000000	      0.00000000
   9081.86816406	    314.74349177	    326.03818494	      0.14899949	      0.00000000	      0.00000000
   9581.86816406	    292.39877495	    326.72327450	      0.10377489	      0.00000000	      0.00000000
  10081.86816406	    271.25074413	    327.32533434	      0.07217886	      0.00000000	      0.00000000
  10581.86816406	    251.25322493	    327.90685117	      0.04973009	      0.00000000	      0.00000000
  11081.86816406	    232.36539040	    328.54306688	      0.03363771	      0.00000000	      0.00000000
  11581.86816406	    214.55185632	    329.34436516	      0.02221731	      0.00000000	      0.00000000
  12081.86816406	    197.78413414	    330.50276061	      0.01429349	      0.00000000	      0.00000000
  12581.86816406	    182.04213739	    332.29072717	      0.00916290	      0.00000000	      0.00000000
  13081.86816406	    167.31359906	    335.02792990	      0.00618902	      0.00000000	      0.00000000
  13581.86816406	    153.59101393	    339.03798956	      0.00463520	      0.00000000	      0.00000000
  14081.86816406	    140.86625999	    344.57112302	      0.00393273	      0.00000000	      0.00000000
  14581.86816406	    129.12366192	    351.71384860	      0.00375298	      0.00000000	      0.00000000
  15081.86816406	    118.33385579	    360.33797860	      0.00388530	      0.00000000	      0.00000000
  15581.86816406	    108.45109666	    370.11564114	      0.00420935	      0.00000000	      0.00000000
  16081.86816406	     99.41502928	    380.59710156	      0.00459368	      0.00000000	      0.00000000
  16581.86718750	     91.15617079	    391.34587549	      0.00492866	      0.00000000	      0.00000000
  17081.86718750	     83.60341171	    402.12311656	      0.00514010	      0.00000000	      0.00000000
  17581.86718750	     76.69217196	    413.10620933	      0.00520051	      0.00000000	      0.00000000
  18081.86718750	     70.37163553	    425.12300294	      0.00519947	      0.00000000	      0.00000000
  18581.86718750	     64.60759006	    439.46638508	      0.00519064	      0.00000000	      0.00000000
  19081.86718750	     59.36836812	    455.71304683	      0.00518539	      0.00000000	      0.00000000
  19581.86718750	     54.60790259	    472.04931375	      0.00518458	      0.00000000	      0.00000000
  20081.86718750	     50.27043689	    487.46698526	      0.00518594	      0.00000000	      0.00000000
  20590.05468750	     46.24166326	    502.21614518	      0.00518787	      0.00000000	      0.00000000
  21149.06054688	     42.20145123	    517.93828797	      0.00518972	      0.00000000	      0.00000000
  21763.96679688	     38.18153350	    535.47724566	      0.00519083	      0.00000000	      0.00000000
  22440.36328125	     34.22010164	    555.75284566	      0.00519117	      0.00000000	      0.00000000
  23184.40039062	     30.35939274	    579.32421130	      0.00519131	      0.00000000	      0.00000000
  24002.83984375	     26.64094957	    606.41231554	      0.00519142	      0.00000000	      0.00000000
  24903.12304688	     23.10298088	    637.33220862	      0.00519145	      0.00000000	      0.00000000
  25893.43554688	     19.78009374	    672.76053382	      0.00519145	      0.00000000	      0.00000000
  26982.77929688	     16.70446549	    713.56318585	      0.00519141	      0.00000000	      0.00000000
  10000.00,         64,    1009.32
     25.00000000	   1006.44754541	    296.76861422	     14.18491497	      0.00000000	      0.00000000
     75.00000000	   1000.72023232	    296.65181628	     13.57280121	      0.00000000	      0.00000000
    127.84809875	    994.68943688	    296.67320654	     13.37420359	      0.00000000	      0.00000000
    186.71687317	    988.00231653	    296.72446613	     13.27772297	      0.00000000	      0.00000000
    252.29220581	    980.59217715	    296.78448172	     13.19074400	      0.00000000	      0.00000000
    325.33816528	    972.38592371	    296.85305955	     13.08907658	      0.00000000	      0.00000000
    406.70581055	    963.30424009	    296.93495281	     12.95446535	      0.00000000	      0.00000000
    497.34317017	    953.26155762	    297.04247010	     12.76192932	      0.00000000	      0.00000000
    598.30627441	    942.16625714	    297.19766075	     12.47841860	      0.00000000	      0.00000000
    710.77154541	    929.92129950	    297.44017355	     12.05446930	      0.00000000	      0.00000000
    836.04931641	    916.42525754	    297.80892314	     11.47991053	      0.00000000	      0.00000000
    975.59924316	    901.57280164	    298.30232315	     10.83163294	      0.00000000	      0.00000000
   1131.04724121	    885.25469620	    298.90197586	     10.17635529	      0.00000000	      0.00000000
   1304.20446777	    867.35822424	    299.59132216	      9.53773359	      0.00000000	      0.00000000
   1497.08850098	    847.76828755	    300.35825611	      8.91670569	      0.00000000	      0.00000000
   1711.94665527	    826.36944604	    301.20264062	      8.30098809	      0.00000000	      0.00000000
   1951.28234863	    803.04895295	    302.13394304	      7.67851353	      0.00000000	      0.00000000
   2217.88403320	    777.70061747	    303.16616080	      7.04150265	      0.00000000	      0.00000000
   2514.85815430	    750.22932557	    304.31632542	      6.38252944	      0.00000000	      0.00000000
   2845.66479492	    720.55664116	    305.60577040	      5.69220433	      0.00000000	      0.00000000
   3214.15820312	    688.62747025	    307.05846571	      4.96590957	      0.00000000	      0.00000000
   3624.63183594	    654.41820419	    308.70678232	      4.20640290	      0.00000000	      0.00000000
   4081.86840820	    617.94786466	    310.58767060	      3.43354805	      0.00000000	      0.00000000
   4581.86816406	    579.98160352	    312.66215497	      2.70144360	      0.00000000	      0.00000000
   5081.86816406	    543.93439055	    314.67091594	      2.08957445	      0.00000000	      0.00000000
   5581.86816406	    509.71450892	    316.59421458	      1.57920463	      0.00000000	      0.00000000
   6081.86816406	    477.24044088	    318.43035461	      1.16178918	      0.00000000	      0.00000000
   6581.86816406	    446.43309749	    320.14683128	      0.83889798	      0.00000000	      0.00000000
   7081.86816406	    417.21402094	    321.69728519	      0.60279302	      0.00000000	      0.00000000
   7581.86816406	    389.50629683	    323.05900675	      0.43193518	      0.00000000	      0.00000000
   8081.86816406	    363.23670358	    324.23001241	      0.30612969	      0.00000000	      0.00000000
   8581.86816406	    338.33685737	    325.21806654	      0.21411577	      0.00000000	      0.00000000
   9081.86816406	    314.74349177	    326.03818494	      0.14899949	      0.00000000	      0.00000000
   9581.86816406	    292.39877495	    326.72327450	      0.10377489	      0.00000000	      0.00000000
  10081.86816406	    271.25074413	    327.32533434	      0.07217886	      0.00000000	      0.00000000
  10581.86816406	    251.25322493	    327.90685117	      0.04973009	      0.00000000	      0.00000000
  11081.86816406	    232.36539040	    328.54306688	      0.03363771	      0.00000000	      0.00000000
  11581.86816406	    214.55185632	    329.34436516	      0.02221731	      0.00000000	      0.00000000
  12081.86816406	    197.78413414	    330.50276061	      0.01429349	      0.00000000	      0.00000000
  12581.86816406	    182.04213739	    332.29072717	      0.00916290	      0.00000000	      0.00000000
  13081.86816406	    167.31359906	    335.02792990	      0.00618902	      0.00000000	      0.00000000
  13581.86816406	    153.59101393	    339.03798956	      0.00463520	      0.00000000	      0.00000000
  14081.86816406	    140.86625999	    344.57112302	      0.00393273	      0.00000000	      0.00000000
  14581.86816406	    129.12366192	    351.71384860	      0.00375298	      0.00000000	      0.00000000
  15081.86816406	    118.33385579	    360.33797860	      0.00388530	      0.00000000	      0.00000000
  15581.86816406	    108.45109666	    370.11564114	      0.00420935	      0.00000000	      0.00000000
  16081.86816406	     99.41502928	    380.59710156	      0.00459368	      0.00000000	      0.00000000
  16581.86718750	     91.15617079	    391.34587549	      0.00492866	      0.00000000	      0.00000000
  17081.86718750	     83.60341171	    402.12311656	      0.00514010	      0.00000000	      0.00000000
  17581.86718750	     76.69217196	    413.10620933	      0.00520051	      0.00000000	      0.00000000
  18081.86718750	     70.37163553	    425.12300294	      0.00519947	      0.00000000	      0.00000000
  18581.86718750	     64.60759006	    439.46638508	      0.00519064	      0.00000000	      0.00000000
  19081.86718750	     59.36836812	    455.71304683	      0.00518539	      0.00000000	      0.00000000
  19581.86718750	     54.60790259	    472.04931375	      0.00518458	      0.00000000	      0.00000000
  20081.86718750	     50.27043689	    487.46698526	      0.00518594	      0.00000000	      0.00000000
  20590.05468750	     46.24166326	    502.21614518	      0.00518787	      0.00000000	      0.00000000
  21149.06054688	     42.20145123	    517.93828797	      0.00518972	      0.00000000	      0.00000000
  21763.96679688	     38.18153350	    535.47724566	      0.00519083	      0.00000000	      0.00000000
  22440.36328125	     34.22010164	    555.75284566	      0.00519117	      0.00000000	      0.00000000
  23184.40039062	     30.35939274	    579.32421130	      0.00519131	      0.00000000	      0.00000000
  24002.83984375	     26.64094957	    606.41231554	      0.00519142	      0.00000000	      0.00000000
  24903.12304688	     23.10298088	    637.33220862	      0.00519145	      0.00000000	      0.00000000
  25893.43554688	     19.78009374	    672.76053382	      0.00519145	      0.00000000	      0.00000000
  26982.77929688	     16.70446549	    713.56318585	      0.00519141	      0.00000000	      0.00000000
