      z[m]      p[mb]      tp[K]    q[g/kg]     u[m/s]     v[m/s]
      0.00,         42,    1009.32
     75.00000000	   1000.69393273	    296.08293563	     13.17783128	      0.00000000	      0.00000000
    161.62500000	    990.80440564	    296.07891058	     12.84294722	      0.00000000	      0.00000000
    261.67691040	    979.46523352	    296.16157019	     12.67689748	      0.00000000	      0.00000000
    377.23678589	    966.48669154	    296.26727932	     12.49856152	      0.00000000	      0.00000000
    510.70849609	    951.65380020	    296.41174280	     12.24004818	      0.00000000	      0.00000000
    664.86828613	    934.73200148	    296.65671144	     11.79753570	      0.00000000	      0.00000000
    842.92291260	    915.47136754	    297.11704590	     11.05965471	      0.00000000	      0.00000000
   1048.57604980	    893.61124985	    297.82796009	     10.15725435	      0.00000000	      0.00000000
   1286.10498047	    868.88241498	    298.74835383	      9.25289321	      0.00000000	      0.00000000
   1560.45104980	    841.00983056	    299.83334317	      8.40139967	      0.00000000	      0.00000000
   1877.32104492	    809.72085585	    301.07344567	      7.58677046	      0.00000000	      0.00000000
   2243.30590820	    774.76024736	    302.50232110	      6.76356060	      0.00000000	      0.00000000
   2666.01904297	    735.91066467	    304.17084397	      5.89149401	      0.00000000	      0.00000000
   3154.25097656	    693.01754507	    306.12448282	      4.95230823	      0.00000000	      0.00000000
   3718.15991211	    646.01841271	    308.40672617	      3.95918805	      0.00000000	      0.00000000
   4369.47509766	    594.97959396	    311.05514884	      2.96283552	      0.00000000	      0.00000000
   5121.74414062	    540.13310509	    314.05633090	      2.03155062	      0.00000000	      0.00000000
   5990.61376953	    481.91115968	    317.32903670	      1.22949615	      0.00000000	      0.00000000
   6994.15917969	    421.01729821	    320.63596264	      0.63842615	      0.00000000	      0.00000000
   7994.15917969	    366.50654676	    323.19260831	      0.31750326	      0.00000000	      0.00000000
   8994.15820312	    317.53960817	    325.01061319	      0.15790706	      0.00000000	      0.00000000
   9994.15820312	    273.62763969	    326.28979280	      0.07716417	      0.00000000	      0.00000000
  10994.16015625	    234.37907408	    327.60113230	      0.03299781	      0.00000000	      0.00000000
  11994.16015625	    199.52861624	    330.32972900	      0.01013886	      0.00000000	      0.00000000
  12994.16015625	    168.93079007	    336.38188397	      0.00197120	      0.00000000	      0.00000000
  13994.16015625	    142.45679457	    346.88361420	      0.00153333	      0.00000000	      0.00000000
  14994.16015625	    119.87023420	    361.71072778	      0.00369916	      0.00000000	      0.00000000
  15994.16015625	    100.79885845	    380.04593146	      0.00607489	      0.00000000	      0.00000000
  16994.16015625	     84.79529456	    401.16640018	      0.00814745	      0.00000000	      0.00000000
  17994.16015625	     71.40812078	    424.58973027	      0.01000084	      0.00000000	      0.00000000
  18994.16015625	     60.21812038	    449.64911306	      0.01127978	      0.00000000	      0.00000000
  19994.16015625	     50.85050186	    475.39129391	      0.01164627	      0.00000000	      0.00000000
  20994.16015625	     42.98289379	    501.38166350	      0.01164455	      0.00000000	      0.00000000
  22054.16015625	     36.00132583	    530.61036767	      0.01157805	      0.00000000	      0.00000000
  23177.75976562	     29.87818970	    565.06149592	      0.01147078	      0.00000000	      0.00000000
  24368.76953125	     24.57581131	    605.52476732	      0.01112924	      0.00000000	      0.00000000
  25631.25000000	     20.03877741	    652.19184430	      0.01011018	      0.00000000	      0.00000000
  26969.47070312	     16.19742768	    704.96429852	      0.00796210	      0.00000000	      0.00000000
  28387.99023438	     12.97549184	    763.97436356	      0.00478264	      0.00000000	      0.00000000
  29887.99023438	     10.30458378	    829.98940918	      0.00162439	      0.00000000	      0.00000000
  31387.99023438	      8.21682939	    901.32281322	      0.00002760	      0.00000000	      0.00000000
  32887.98828125	      6.57795277	    977.38221603	      0.00000000	      0.00000000	      0.00000000
  10000.00,         42,    1009.32
     75.00000000	   1000.69393273	    296.08293563	     13.17783128	      0.00000000	      0.00000000
    161.62500000	    990.80440564	    296.07891058	     12.84294722	      0.00000000	      0.00000000
    261.67691040	    979.46523352	    296.16157019	     12.67689748	      0.00000000	      0.00000000
    377.23678589	    966.48669154	    296.26727932	     12.49856152	      0.00000000	      0.00000000
    510.70849609	    951.65380020	    296.41174280	     12.24004818	      0.00000000	      0.00000000
    664.86828613	    934.73200148	    296.65671144	     11.79753570	      0.00000000	      0.00000000
    842.92291260	    915.47136754	    297.11704590	     11.05965471	      0.00000000	      0.00000000
   1048.57604980	    893.61124985	    297.82796009	     10.15725435	      0.00000000	      0.00000000
   1286.10498047	    868.88241498	    298.74835383	      9.25289321	      0.00000000	      0.00000000
   1560.45104980	    841.00983056	    299.83334317	      8.40139967	      0.00000000	      0.00000000
   1877.32104492	    809.72085585	    301.07344567	      7.58677046	      0.00000000	      0.00000000
   2243.30590820	    774.76024736	    302.50232110	      6.76356060	      0.00000000	      0.00000000
   2666.01904297	    735.91066467	    304.17084397	      5.89149401	      0.00000000	      0.00000000
   3154.25097656	    693.01754507	    306.12448282	      4.95230823	      0.00000000	      0.00000000
   3718.15991211	    646.01841271	    308.40672617	      3.95918805	      0.00000000	      0.00000000
   4369.47509766	    594.97959396	    311.05514884	      2.96283552	      0.00000000	      0.00000000
   5121.74414062	    540.13310509	    314.05633090	      2.03155062	      0.00000000	      0.00000000
   5990.61376953	    481.91115968	    317.32903670	      1.22949615	      0.00000000	      0.00000000
   6994.15917969	    421.01729821	    320.63596264	      0.63842615	      0.00000000	      0.00000000
   7994.15917969	    366.50654676	    323.19260831	      0.31750326	      0.00000000	      0.00000000
   8994.15820312	    317.53960817	    325.01061319	      0.15790706	      0.00000000	      0.00000000
   9994.15820312	    273.62763969	    326.28979280	      0.07716417	      0.00000000	      0.00000000
  10994.16015625	    234.37907408	    327.60113230	      0.03299781	      0.00000000	      0.00000000
  11994.16015625	    199.52861624	    330.32972900	      0.01013886	      0.00000000	      0.00000000
  12994.16015625	    168.93079007	    336.38188397	      0.00197120	      0.00000000	      0.00000000
  13994.16015625	    142.45679457	    346.88361420	      0.00153333	      0.00000000	      0.00000000
  14994.16015625	    119.87023420	    361.71072778	      0.00369916	      0.00000000	      0.00000000
  15994.16015625	    100.79885845	    380.04593146	      0.00607489	      0.00000000	      0.00000000
  16994.16015625	     84.79529456	    401.16640018	      0.00814745	      0.00000000	      0.00000000
  17994.16015625	     71.40812078	    424.58973027	      0.01000084	      0.00000000	      0.00000000
  18994.16015625	     60.21812038	    449.64911306	      0.01127978	      0.00000000	      0.00000000
  19994.16015625	     50.85050186	    475.39129391	      0.01164627	      0.00000000	      0.00000000
  20994.16015625	     42.98289379	    501.38166350	      0.01164455	      0.00000000	      0.00000000
  22054.16015625	     36.00132583	    530.61036767	      0.01157805	      0.00000000	      0.00000000
  23177.75976562	     29.87818970	    565.06149592	      0.01147078	      0.00000000	      0.00000000
  24368.76953125	     24.57581131	    605.52476732	      0.01112924	      0.00000000	      0.00000000
  25631.25000000	     20.03877741	    652.19184430	      0.01011018	      0.00000000	      0.00000000
  26969.47070312	     16.19742768	    704.96429852	      0.00796210	      0.00000000	      0.00000000
  28387.99023438	     12.97549184	    763.97436356	      0.00478264	      0.00000000	      0.00000000
  29887.99023438	     10.30458378	    829.98940918	      0.00162439	      0.00000000	      0.00000000
  31387.99023438	      8.21682939	    901.32281322	      0.00002760	      0.00000000	      0.00000000
  32887.98828125	      6.57795277	    977.38221603	      0.00000000	      0.00000000	      0.00000000
