      z[m]      p[mb]      tp[K]    q[g/kg]     u[m/s]     v[m/s]
      0.00,         64,    1009.32
     25.00000000	   1006.44744129	    296.70905878	     14.17904941	      0.00000000	      0.00000000
     75.00000000	   1000.71996155	    296.59839166	     13.55636160	      0.00000000	      0.00000000
    127.84809875	    994.68911207	    296.62800303	     13.35651807	      0.00000000	      0.00000000
    186.71687317	    988.00213721	    296.68940601	     13.26192057	      0.00000000	      0.00000000
    252.29220581	    980.59248628	    296.76529747	     13.17582942	      0.00000000	      0.00000000
    325.33816528	    972.38723432	    296.85366344	     13.06431388	      0.00000000	      0.00000000
    406.70581055	    963.30721437	    296.95964871	     12.90308254	      0.00000000	      0.00000000
    497.34317017	    953.26703753	    297.09611492	     12.66937495	      0.00000000	      0.00000000
    598.30627441	    942.17534664	    297.28609104	     12.33459416	      0.00000000	      0.00000000
    710.77154541	    929.93537127	    297.56090374	     11.87523352	      0.00000000	      0.00000000
    836.04931641	    916.44569177	    297.94508602	     11.30708756	      0.00000000	      0.00000000
    975.59924316	    901.60055746	    298.43241495	     10.69834252	      0.00000000	      0.00000000
   1131.04724121	    885.28991357	    299.00475282	     10.09906042	      0.00000000	      0.00000000
   1304.20446777	    867.40009618	    299.65573989	      9.51441937	      0.00000000	      0.00000000
   1497.08850098	    847.81537053	    300.38588058	      8.93137006	      0.00000000	      0.00000000
   1711.94665527	    826.42004458	    301.20004982	      8.33451505	      0.00000000	      0.00000000
   1951.28234863	    803.10122464	    302.10605963	      7.71217887	      0.00000000	      0.00000000
   2217.88403320	    777.75240262	    303.11459401	      7.05835067	      0.00000000	      0.00000000
   2514.85815430	    750.27785942	    304.23825998	      6.37195425	      0.00000000	      0.00000000
   2845.66479492	    720.59819523	    305.49311016	      5.65482915	      0.00000000	      0.00000000
   3214.15820312	    688.65715763	    306.90283285	      4.90950212	      0.00000000	      0.00000000
   3624.63183594	    654.43036712	    308.50731742	      4.13574043	      0.00000000	      0.00000000
   4081.86840820	    617.93723939	    310.35588580	      3.35087188	      0.00000000	      0.00000000
   4581.86816406	    579.94510139	    312.41440029	      2.61166427	      0.00000000	      0.00000000
   5081.86816406	    543.87315933	    314.41890168	      1.99324299	      0.00000000	      0.00000000
   5581.86816406	    509.62982028	    316.32516952	      1.48802353	      0.00000000	      0.00000000
   6081.86816406	    477.13227312	    318.12599503	      1.08682674	      0.00000000	      0.00000000
   6581.86816406	    446.30058050	    319.79949823	      0.78343091	      0.00000000	      0.00000000
   7081.86816406	    417.05613172	    321.30251674	      0.56332312	      0.00000000	      0.00000000
   7581.86816406	    389.32198934	    322.61218434	      0.40343206	      0.00000000	      0.00000000
   8081.86816406	    363.02512267	    323.73038621	      0.28739755	      0.00000000	      0.00000000
   8581.86816406	    338.09806996	    324.67950016	      0.20439133	      0.00000000	      0.00000000
   9081.86816406	    314.47946681	    325.49211846	      0.14531755	      0.00000000	      0.00000000
   9581.86816406	    292.11373958	    326.20627092	      0.10200352	      0.00000000	      0.00000000
  10081.86816406	    270.95040401	    326.85984007	      0.06958507	      0.00000000	      0.00000000
  10581.86816406	    250.94350691	    327.49910120	      0.04607272	      0.00000000	      0.00000000
  11081.86816406	    232.05207796	    328.20660693	      0.02992088	      0.00000000	      0.00000000
  11581.86816406	    214.24154633	    329.12445562	      0.01915940	      0.00000000	      0.00000000
  12081.86816406	    197.48565335	    330.48427413	      0.01210004	      0.00000000	      0.00000000
  12581.86816406	    181.76743397	    332.59245766	      0.00780252	      0.00000000	      0.00000000
  13081.86816406	    167.07758693	    335.78675487	      0.00555193	      0.00000000	      0.00000000
  13581.86816406	    153.40931843	    340.33790673	      0.00456608	      0.00000000	      0.00000000
  14081.86816406	    140.75061699	    346.36095221	      0.00418103	      0.00000000	      0.00000000
  14581.86816406	    129.07808813	    353.83203734	      0.00405736	      0.00000000	      0.00000000
  15081.86816406	    118.35365487	    362.54108882	      0.00405574	      0.00000000	      0.00000000
  15581.86816406	    108.52582270	    372.25567068	      0.00411422	      0.00000000	      0.00000000
  16081.86816406	     99.53450482	    382.75073043	      0.00418950	      0.00000000	      0.00000000
  16581.86718750	     91.31469092	    393.73643306	      0.00424858	      0.00000000	      0.00000000
  17081.86718750	     83.79958700	    404.94923167	      0.00427771	      0.00000000	      0.00000000
  17581.86718750	     76.92430471	    416.20298834	      0.00428415	      0.00000000	      0.00000000
  18081.86718750	     70.63168873	    427.85664492	      0.00427915	      0.00000000	      0.00000000
  18581.86718750	     64.88509494	    441.93820917	      0.00426857	      0.00000000	      0.00000000
  19081.86718750	     59.66063123	    458.86881019	      0.00425535	      0.00000000	      0.00000000
  19581.86718750	     54.92054489	    476.60285371	      0.00424261	      0.00000000	      0.00000000
  20081.86718750	     50.60829195	    492.99258474	      0.00423459	      0.00000000	      0.00000000
  20590.05468750	     46.60128259	    507.38399148	      0.00422994	      0.00000000	      0.00000000
  21149.06054688	     42.57180554	    521.69905822	      0.00421459	      0.00000000	      0.00000000
  21763.96679688	     38.54923873	    538.13137765	      0.00408527	      0.00000000	      0.00000000
  22440.36328125	     34.57885621	    558.69705848	      0.00365326	      0.00000000	      0.00000000
  23184.40039062	     30.71365097	    584.33384288	      0.00282242	      0.00000000	      0.00000000
  24002.83984375	     27.00362396	    615.19855504	      0.00170095	      0.00000000	      0.00000000
  24903.12304688	     23.49133950	    651.69818141	      0.00062637	      0.00000000	      0.00000000
  25893.43554688	     20.21275481	    694.95566035	      0.00001779	      0.00000000	      0.00000000
  26982.77929688	     17.19566983	    744.69379124	      0.00000000	      0.00000000	      0.00000000
  10000.00,         64,    1009.32
     25.00000000	   1006.44744129	    296.70905878	     14.17904941	      0.00000000	      0.00000000
     75.00000000	   1000.71996155	    296.59839166	     13.55636160	      0.00000000	      0.00000000
    127.84809875	    994.68911207	    296.62800303	     13.35651807	      0.00000000	      0.00000000
    186.71687317	    988.00213721	    296.68940601	     13.26192057	      0.00000000	      0.00000000
    252.29220581	    980.59248628	    296.76529747	     13.17582942	      0.00000000	      0.00000000
    325.33816528	    972.38723432	    296.85366344	     13.06431388	      0.00000000	      0.00000000
    406.70581055	    963.30721437	    296.95964871	     12.90308254	      0.00000000	      0.00000000
    497.34317017	    953.26703753	    297.09611492	     12.66937495	      0.00000000	      0.00000000
    598.30627441	    942.17534664	    297.28609104	     12.33459416	      0.00000000	      0.00000000
    710.77154541	    929.93537127	    297.56090374	     11.87523352	      0.00000000	      0.00000000
    836.04931641	    916.44569177	    297.94508602	     11.30708756	      0.00000000	      0.00000000
    975.59924316	    901.60055746	    298.43241495	     10.69834252	      0.00000000	      0.00000000
   1131.04724121	    885.28991357	    299.00475282	     10.09906042	      0.00000000	      0.00000000
   1304.20446777	    867.40009618	    299.65573989	      9.51441937	      0.00000000	      0.00000000
   1497.08850098	    847.81537053	    300.38588058	      8.93137006	      0.00000000	      0.00000000
   1711.94665527	    826.42004458	    301.20004982	      8.33451505	      0.00000000	      0.00000000
   1951.28234863	    803.10122464	    302.10605963	      7.71217887	      0.00000000	      0.00000000
   2217.88403320	    777.75240262	    303.11459401	      7.05835067	      0.00000000	      0.00000000
   2514.85815430	    750.27785942	    304.23825998	      6.37195425	      0.00000000	      0.00000000
   2845.66479492	    720.59819523	    305.49311016	      5.65482915	      0.00000000	      0.00000000
   3214.15820312	    688.65715763	    306.90283285	      4.90950212	      0.00000000	      0.00000000
   3624.63183594	    654.43036712	    308.50731742	      4.13574043	      0.00000000	      0.00000000
   4081.86840820	    617.93723939	    310.35588580	      3.35087188	      0.00000000	      0.00000000
   4581.86816406	    579.94510139	    312.41440029	      2.61166427	      0.00000000	      0.00000000
   5081.86816406	    543.87315933	    314.41890168	      1.99324299	      0.00000000	      0.00000000
   5581.86816406	    509.62982028	    316.32516952	      1.48802353	      0.00000000	      0.00000000
   6081.86816406	    477.13227312	    318.12599503	      1.08682674	      0.00000000	      0.00000000
   6581.86816406	    446.30058050	    319.79949823	      0.78343091	      0.00000000	      0.00000000
   7081.86816406	    417.05613172	    321.30251674	      0.56332312	      0.00000000	      0.00000000
   7581.86816406	    389.32198934	    322.61218434	      0.40343206	      0.00000000	      0.00000000
   8081.86816406	    363.02512267	    323.73038621	      0.28739755	      0.00000000	      0.00000000
   8581.86816406	    338.09806996	    324.67950016	      0.20439133	      0.00000000	      0.00000000
   9081.86816406	    314.47946681	    325.49211846	      0.14531755	      0.00000000	      0.00000000
   9581.86816406	    292.11373958	    326.20627092	      0.10200352	      0.00000000	      0.00000000
  10081.86816406	    270.95040401	    326.85984007	      0.06958507	      0.00000000	      0.00000000
  10581.86816406	    250.94350691	    327.49910120	      0.04607272	      0.00000000	      0.00000000
  11081.86816406	    232.05207796	    328.20660693	      0.02992088	      0.00000000	      0.00000000
  11581.86816406	    214.24154633	    329.12445562	      0.01915940	      0.00000000	      0.00000000
  12081.86816406	    197.48565335	    330.48427413	      0.01210004	      0.00000000	      0.00000000
  12581.86816406	    181.76743397	    332.59245766	      0.00780252	      0.00000000	      0.00000000
  13081.86816406	    167.07758693	    335.78675487	      0.00555193	      0.00000000	      0.00000000
  13581.86816406	    153.40931843	    340.33790673	      0.00456608	      0.00000000	      0.00000000
  14081.86816406	    140.75061699	    346.36095221	      0.00418103	      0.00000000	      0.00000000
  14581.86816406	    129.07808813	    353.83203734	      0.00405736	      0.00000000	      0.00000000
  15081.86816406	    118.35365487	    362.54108882	      0.00405574	      0.00000000	      0.00000000
  15581.86816406	    108.52582270	    372.25567068	      0.00411422	      0.00000000	      0.00000000
  16081.86816406	     99.53450482	    382.75073043	      0.00418950	      0.00000000	      0.00000000
  16581.86718750	     91.31469092	    393.73643306	      0.00424858	      0.00000000	      0.00000000
  17081.86718750	     83.79958700	    404.94923167	      0.00427771	      0.00000000	      0.00000000
  17581.86718750	     76.92430471	    416.20298834	      0.00428415	      0.00000000	      0.00000000
  18081.86718750	     70.63168873	    427.85664492	      0.00427915	      0.00000000	      0.00000000
  18581.86718750	     64.88509494	    441.93820917	      0.00426857	      0.00000000	      0.00000000
  19081.86718750	     59.66063123	    458.86881019	      0.00425535	      0.00000000	      0.00000000
  19581.86718750	     54.92054489	    476.60285371	      0.00424261	      0.00000000	      0.00000000
  20081.86718750	     50.60829195	    492.99258474	      0.00423459	      0.00000000	      0.00000000
  20590.05468750	     46.60128259	    507.38399148	      0.00422994	      0.00000000	      0.00000000
  21149.06054688	     42.57180554	    521.69905822	      0.00421459	      0.00000000	      0.00000000
  21763.96679688	     38.54923873	    538.13137765	      0.00408527	      0.00000000	      0.00000000
  22440.36328125	     34.57885621	    558.69705848	      0.00365326	      0.00000000	      0.00000000
  23184.40039062	     30.71365097	    584.33384288	      0.00282242	      0.00000000	      0.00000000
  24002.83984375	     27.00362396	    615.19855504	      0.00170095	      0.00000000	      0.00000000
  24903.12304688	     23.49133950	    651.69818141	      0.00062637	      0.00000000	      0.00000000
  25893.43554688	     20.21275481	    694.95566035	      0.00001779	      0.00000000	      0.00000000
  26982.77929688	     17.19566983	    744.69379124	      0.00000000	      0.00000000	      0.00000000
