      z[m]      p[mb]      tp[K]    q[g/kg]     u[m/s]     v[m/s]
      0.00,         64,    1009.32
     25.00000000	   1006.50692471	    301.91577554	     20.04344273	      0.00000000	      0.00000000
     75.00000000	   1000.89827432	    301.86250817	     19.46532953	      0.00000000	      0.00000000
    127.84809875	    994.99300417	    301.91160737	     19.33395985	      0.00000000	      0.00000000
    186.71687317	    988.44496387	    301.97086626	     19.24736247	      0.00000000	      0.00000000
    252.29220581	    981.18829109	    302.03484238	     19.15777476	      0.00000000	      0.00000000
    325.33816528	    973.15101333	    302.10608637	     19.03337165	      0.00000000	      0.00000000
    406.70581055	    964.25503862	    302.19386596	     18.85709473	      0.00000000	      0.00000000
    497.34317017	    954.41616050	    302.31652938	     18.58805316	      0.00000000	      0.00000000
    598.30627441	    943.54432178	    302.50752224	     18.17069122	      0.00000000	      0.00000000
    710.77154541	    931.54437798	    302.81782087	     17.54082859	      0.00000000	      0.00000000
    836.04931641	    918.31689844	    303.26936161	     16.74881902	      0.00000000	      0.00000000
    975.59924316	    903.75819229	    303.83929421	     15.92821504	      0.00000000	      0.00000000
   1131.04724121	    887.76031379	    304.50995323	     15.13918839	      0.00000000	      0.00000000
   1304.20446777	    870.21177722	    305.27372236	     14.38217852	      0.00000000	      0.00000000
   1497.08850098	    850.99888135	    306.13099733	     13.63481280	      0.00000000	      0.00000000
   1711.94665527	    830.00776602	    307.08920937	     12.87058731	      0.00000000	      0.00000000
   1951.28234863	    807.12717097	    308.16029867	     12.06914587	      0.00000000	      0.00000000
   2217.88403320	    782.25184253	    309.35507965	     11.22174385	      0.00000000	      0.00000000
   2514.85815430	    755.28646973	    310.68220265	     10.33035537	      0.00000000	      0.00000000
   2845.66479492	    726.15079590	    312.15451555	      9.40310542	      0.00000000	      0.00000000
   3214.15820312	    694.78626047	    313.79607365	      8.44907705	      0.00000000	      0.00000000
   3624.63183594	    661.16428271	    315.64380668	      7.47567599	      0.00000000	      0.00000000
   4081.86840820	    625.29705703	    317.74268191	      6.48299922	      0.00000000	      0.00000000
   4581.86816406	    587.93204543	    320.10015834	      5.48364717	      0.00000000	      0.00000000
   5081.86816406	    552.43471909	    322.50483821	      4.56917845	      0.00000000	      0.00000000
   5581.86816406	    518.72481724	    324.92159533	      3.76020148	      0.00000000	      0.00000000
   6081.86816406	    486.72700845	    327.29258850	      3.07003815	      0.00000000	      0.00000000
   6581.86816406	    456.36463107	    329.58416123	      2.47881505	      0.00000000	      0.00000000
   7081.86816406	    427.56342749	    331.81082238	      1.95352939	      0.00000000	      0.00000000
   7581.86816406	    400.25339203	    333.97908523	      1.48911093	      0.00000000	      0.00000000
   8081.86816406	    374.36663185	    336.04662995	      1.10678961	      0.00000000	      0.00000000
   8581.86816406	    349.83491304	    337.94402517	      0.81564430	      0.00000000	      0.00000000
   9081.86816406	    326.59059847	    339.63980604	      0.59819967	      0.00000000	      0.00000000
   9581.86816406	    304.56926135	    341.13322503	      0.43228311	      0.00000000	      0.00000000
  10081.86816406	    283.71082219	    342.43123542	      0.30541770	      0.00000000	      0.00000000
  10581.86816406	    263.95959138	    343.54450045	      0.21214784	      0.00000000	      0.00000000
  11081.86816406	    245.26445359	    344.50243519	      0.14647500	      0.00000000	      0.00000000
  11581.86816406	    227.57948698	    345.36393845	      0.10112735	      0.00000000	      0.00000000
  12081.86816406	    210.86439299	    346.21275178	      0.06960076	      0.00000000	      0.00000000
  12581.86816406	    195.08450843	    347.15790656	      0.04743842	      0.00000000	      0.00000000
  13081.86816406	    180.21074260	    348.34246762	      0.03201035	      0.00000000	      0.00000000
  13581.86816406	    166.21943166	    349.94770695	      0.02147396	      0.00000000	      0.00000000
  14081.86816406	    153.09194788	    352.19816824	      0.01449171	      0.00000000	      0.00000000
  14581.86816406	    140.81420533	    355.37689539	      0.01016017	      0.00000000	      0.00000000
  15081.86816406	    129.37550923	    359.80468677	      0.00773993	      0.00000000	      0.00000000
  15581.86816406	    118.76518320	    365.73521219	      0.00660408	      0.00000000	      0.00000000
  16081.86816406	    108.96633887	    373.18738723	      0.00628624	      0.00000000	      0.00000000
  16581.86718750	     99.94960313	    381.87467108	      0.00641540	      0.00000000	      0.00000000
  17081.86718750	     91.67193416	    391.39070005	      0.00681201	      0.00000000	      0.00000000
  17581.86718750	     84.08294102	    401.56441439	      0.00738750	      0.00000000	      0.00000000
  18081.86718750	     77.13449610	    412.71573743	      0.00810616	      0.00000000	      0.00000000
  18581.86718750	     70.78782083	    425.65430192	      0.00895866	      0.00000000	      0.00000000
  19081.86718750	     65.00710012	    440.27946304	      0.00982511	      0.00000000	      0.00000000
  19581.86718750	     59.74723109	    455.48795939	      0.01045201	      0.00000000	      0.00000000
  20081.86718750	     54.95440306	    470.35550802	      0.01065744	      0.00000000	      0.00000000
  20590.05468750	     50.50648507	    484.84693868	      0.01065862	      0.00000000	      0.00000000
  21149.06054688	     46.05145212	    500.37526739	      0.01063757	      0.00000000	      0.00000000
  21763.96679688	     41.62457621	    517.62874167	      0.01063024	      0.00000000	      0.00000000
  22440.36328125	     37.26677983	    537.30454961	      0.01063103	      0.00000000	      0.00000000
  23184.40039062	     33.02280014	    559.93396555	      0.01063277	      0.00000000	      0.00000000
  24002.83984375	     28.93707257	    585.74981544	      0.01063354	      0.00000000	      0.00000000
  24903.12304688	     25.05092610	    615.05795869	      0.01063342	      0.00000000	      0.00000000
  25893.43554688	     21.40222597	    648.51755294	      0.01063338	      0.00000000	      0.00000000
  26982.77929688	     18.02688545	    687.07920853	      0.01063328	      0.00000000	      0.00000000
  10000.00,         64,    1009.32
     25.00000000	   1006.50692471	    301.91577554	     20.04344273	      0.00000000	      0.00000000
     75.00000000	   1000.89827432	    301.86250817	     19.46532953	      0.00000000	      0.00000000
    127.84809875	    994.99300417	    301.91160737	     19.33395985	      0.00000000	      0.00000000
    186.71687317	    988.44496387	    301.97086626	     19.24736247	      0.00000000	      0.00000000
    252.29220581	    981.18829109	    302.03484238	     19.15777476	      0.00000000	      0.00000000
    325.33816528	    973.15101333	    302.10608637	     19.03337165	      0.00000000	      0.00000000
    406.70581055	    964.25503862	    302.19386596	     18.85709473	      0.00000000	      0.00000000
    497.34317017	    954.41616050	    302.31652938	     18.58805316	      0.00000000	      0.00000000
    598.30627441	    943.54432178	    302.50752224	     18.17069122	      0.00000000	      0.00000000
    710.77154541	    931.54437798	    302.81782087	     17.54082859	      0.00000000	      0.00000000
    836.04931641	    918.31689844	    303.26936161	     16.74881902	      0.00000000	      0.00000000
    975.59924316	    903.75819229	    303.83929421	     15.92821504	      0.00000000	      0.00000000
   1131.04724121	    887.76031379	    304.50995323	     15.13918839	      0.00000000	      0.00000000
   1304.20446777	    870.21177722	    305.27372236	     14.38217852	      0.00000000	      0.00000000
   1497.08850098	    850.99888135	    306.13099733	     13.63481280	      0.00000000	      0.00000000
   1711.94665527	    830.00776602	    307.08920937	     12.87058731	      0.00000000	      0.00000000
   1951.28234863	    807.12717097	    308.16029867	     12.06914587	      0.00000000	      0.00000000
   2217.88403320	    782.25184253	    309.35507965	     11.22174385	      0.00000000	      0.00000000
   2514.85815430	    755.28646973	    310.68220265	     10.33035537	      0.00000000	      0.00000000
   2845.66479492	    726.15079590	    312.15451555	      9.40310542	      0.00000000	      0.00000000
   3214.15820312	    694.78626047	    313.79607365	      8.44907705	      0.00000000	      0.00000000
   3624.63183594	    661.16428271	    315.64380668	      7.47567599	      0.00000000	      0.00000000
   4081.86840820	    625.29705703	    317.74268191	      6.48299922	      0.00000000	      0.00000000
   4581.86816406	    587.93204543	    320.10015834	      5.48364717	      0.00000000	      0.00000000
   5081.86816406	    552.43471909	    322.50483821	      4.56917845	      0.00000000	      0.00000000
   5581.86816406	    518.72481724	    324.92159533	      3.76020148	      0.00000000	      0.00000000
   6081.86816406	    486.72700845	    327.29258850	      3.07003815	      0.00000000	      0.00000000
   6581.86816406	    456.36463107	    329.58416123	      2.47881505	      0.00000000	      0.00000000
   7081.86816406	    427.56342749	    331.81082238	      1.95352939	      0.00000000	      0.00000000
   7581.86816406	    400.25339203	    333.97908523	      1.48911093	      0.00000000	      0.00000000
   8081.86816406	    374.36663185	    336.04662995	      1.10678961	      0.00000000	      0.00000000
   8581.86816406	    349.83491304	    337.94402517	      0.81564430	      0.00000000	      0.00000000
   9081.86816406	    326.59059847	    339.63980604	      0.59819967	      0.00000000	      0.00000000
   9581.86816406	    304.56926135	    341.13322503	      0.43228311	      0.00000000	      0.00000000
  10081.86816406	    283.71082219	    342.43123542	      0.30541770	      0.00000000	      0.00000000
  10581.86816406	    263.95959138	    343.54450045	      0.21214784	      0.00000000	      0.00000000
  11081.86816406	    245.26445359	    344.50243519	      0.14647500	      0.00000000	      0.00000000
  11581.86816406	    227.57948698	    345.36393845	      0.10112735	      0.00000000	      0.00000000
  12081.86816406	    210.86439299	    346.21275178	      0.06960076	      0.00000000	      0.00000000
  12581.86816406	    195.08450843	    347.15790656	      0.04743842	      0.00000000	      0.00000000
  13081.86816406	    180.21074260	    348.34246762	      0.03201035	      0.00000000	      0.00000000
  13581.86816406	    166.21943166	    349.94770695	      0.02147396	      0.00000000	      0.00000000
  14081.86816406	    153.09194788	    352.19816824	      0.01449171	      0.00000000	      0.00000000
  14581.86816406	    140.81420533	    355.37689539	      0.01016017	      0.00000000	      0.00000000
  15081.86816406	    129.37550923	    359.80468677	      0.00773993	      0.00000000	      0.00000000
  15581.86816406	    118.76518320	    365.73521219	      0.00660408	      0.00000000	      0.00000000
  16081.86816406	    108.96633887	    373.18738723	      0.00628624	      0.00000000	      0.00000000
  16581.86718750	     99.94960313	    381.87467108	      0.00641540	      0.00000000	      0.00000000
  17081.86718750	     91.67193416	    391.39070005	      0.00681201	      0.00000000	      0.00000000
  17581.86718750	     84.08294102	    401.56441439	      0.00738750	      0.00000000	      0.00000000
  18081.86718750	     77.13449610	    412.71573743	      0.00810616	      0.00000000	      0.00000000
  18581.86718750	     70.78782083	    425.65430192	      0.00895866	      0.00000000	      0.00000000
  19081.86718750	     65.00710012	    440.27946304	      0.00982511	      0.00000000	      0.00000000
  19581.86718750	     59.74723109	    455.48795939	      0.01045201	      0.00000000	      0.00000000
  20081.86718750	     54.95440306	    470.35550802	      0.01065744	      0.00000000	      0.00000000
  20590.05468750	     50.50648507	    484.84693868	      0.01065862	      0.00000000	      0.00000000
  21149.06054688	     46.05145212	    500.37526739	      0.01063757	      0.00000000	      0.00000000
  21763.96679688	     41.62457621	    517.62874167	      0.01063024	      0.00000000	      0.00000000
  22440.36328125	     37.26677983	    537.30454961	      0.01063103	      0.00000000	      0.00000000
  23184.40039062	     33.02280014	    559.93396555	      0.01063277	      0.00000000	      0.00000000
  24002.83984375	     28.93707257	    585.74981544	      0.01063354	      0.00000000	      0.00000000
  24903.12304688	     25.05092610	    615.05795869	      0.01063342	      0.00000000	      0.00000000
  25893.43554688	     21.40222597	    648.51755294	      0.01063338	      0.00000000	      0.00000000
  26982.77929688	     18.02688545	    687.07920853	      0.01063328	      0.00000000	      0.00000000
