      z[m]      p[mb]      tp[K]    q[g/kg]     u[m/s]     v[m/s]
      0.00,        144,    1009.32
     25.00000000	   1006.44886374	    296.83666582	     14.40070847	      0.00000000	      0.00000000
     83.51000214	    999.75250528	    296.74604254	     13.80430260	      0.00000000	      0.00000000
    152.28999329	    991.91892020	    296.79035539	     13.61177348	      0.00000000	      0.00000000
    233.53999329	    982.72250311	    296.86727700	     13.49552852	      0.00000000	      0.00000000
    330.01000977	    971.88463300	    296.96120976	     13.35627792	      0.00000000	      0.00000000
    445.17001343	    959.06209363	    297.08840448	     13.14241838	      0.00000000	      0.00000000
    583.38000488	    943.83828079	    297.29279898	     12.78075207	      0.00000000	      0.00000000
    750.01000977	    925.72594559	    297.68019920	     12.13610012	      0.00000000	      0.00000000
    951.58001709	    904.17558575	    298.34479919	     11.22668953	      0.00000000	      0.00000000
   1195.53002930	    878.62828210	    299.28817129	     10.22982117	      0.00000000	      0.00000000
   1489.44995117	    848.62409244	    300.48675151	      9.23410258	      0.00000000	      0.00000000
   1839.10998535	    814.01878577	    301.91058084	      8.25304942	      0.00000000	      0.00000000
   2244.66992188	    775.32834131	    303.54242715	      7.26875067	      0.00000000	      0.00000000
   2697.28002930	    733.93059924	    305.35638163	      6.28307732	      0.00000000	      0.00000000
   3182.01000977	    691.60890656	    307.30854063	      5.31166549	      0.00000000	      0.00000000
   3681.28002930	    650.11591162	    309.34334880	      4.38196470	      0.00000000	      0.00000000
   4181.50976562	    610.59604440	    311.41364423	      3.53309136	      0.00000000	      0.00000000
   4681.00000000	    573.10360681	    313.48301248	      2.79766092	      0.00000000	      0.00000000
   5180.93994141	    537.46661899	    315.50497541	      2.17941492	      0.00000000	      0.00000000
   5681.06982422	    503.62569098	    317.45614018	      1.65886433	      0.00000000	      0.00000000
   6181.08984375	    471.52085602	    319.31162392	      1.22819866	      0.00000000	      0.00000000
   6681.04980469	    441.06835733	    321.03141819	      0.89065471	      0.00000000	      0.00000000
   7181.04980469	    412.18338408	    322.57763188	      0.64172621	      0.00000000	      0.00000000
   7681.06005859	    384.79184120	    323.93766810	      0.46158612	      0.00000000	      0.00000000
   8181.06005859	    358.82300555	    325.11442068	      0.32902082	      0.00000000	      0.00000000
   8681.05957031	    334.20933992	    326.11612842	      0.23053341	      0.00000000	      0.00000000
   9181.05957031	    310.88874802	    326.95659950	      0.15879838	      0.00000000	      0.00000000
   9681.04980469	    288.80465659	    327.66490914	      0.10818959	      0.00000000	      0.00000000
  10181.04003906	    267.90499710	    328.28644937	      0.07343433	      0.00000000	      0.00000000
  10681.11035156	    248.14051176	    328.87846113	      0.04974805	      0.00000000	      0.00000000
  11181.13964844	    229.47499445	    329.51169409	      0.03336694	      0.00000000	      0.00000000
  11680.87988281	    211.88057684	    330.28204426	      0.02181109	      0.00000000	      0.00000000
  12180.76953125	    195.31076428	    331.33717770	      0.01370775	      0.00000000	      0.00000000
  12681.71972656	    179.71461110	    332.86281933	      0.00844235	      0.00000000	      0.00000000
  13182.12011719	    165.12460696	    335.07097569	      0.00537458	      0.00000000	      0.00000000
  13676.61035156	    151.66416106	    338.23525268	      0.00374421	      0.00000000	      0.00000000
  14155.59960938	    139.52642764	    342.71675479	      0.00297822	      0.00000000	      0.00000000
  14606.75976562	    128.90608544	    348.85156869	      0.00277985	      0.00000000	      0.00000000
  15019.34960938	    119.88913011	    356.68970658	      0.00305478	      0.00000000	      0.00000000
  15386.38964844	    112.42888780	    365.72010049	      0.00398687	      0.00000000	      0.00000000
  15706.25976562	    106.35296800	    374.89985093	      0.00554518	      0.00000000	      0.00000000
  15981.98046875	    101.42078024	    383.12642455	      0.00733780	      0.00000000	      0.00000000
  16218.66992188	     97.39634126	    389.72549132	      0.00881670	      0.00000000	      0.00000000
  16422.36914062	     94.07395030	    394.63909739	      0.00964317	      0.00000000	      0.00000000
  16599.28906250	     91.28456904	    398.26142701	      0.00988607	      0.00000000	      0.00000000
  16754.97070312	     88.89844439	    401.08694301	      0.00983926	      0.00000000	      0.00000000
  16894.13085938	     86.81698409	    403.51448976	      0.00967833	      0.00000000	      0.00000000
  17020.66015625	     84.96551135	    405.78758591	      0.00949442	      0.00000000	      0.00000000
  17137.80078125	     83.28595924	    408.01922690	      0.00934185	      0.00000000	      0.00000000
  17248.09960938	     81.73467556	    410.24428609	      0.00923549	      0.00000000	      0.00000000
  17353.49023438	     80.27965502	    412.46563243	      0.00916858	      0.00000000	      0.00000000
  17455.50976562	     78.89626547	    414.68267445	      0.00912722	      0.00000000	      0.00000000
  17555.42968750	     77.56501498	    416.90213364	      0.00909890	      0.00000000	      0.00000000
  17654.27929688	     76.27075933	    419.13758714	      0.00907538	      0.00000000	      0.00000000
  17752.85937500	     75.00225411	    421.40572418	      0.00905236	      0.00000000	      0.00000000
  17851.68945312	     73.75249655	    423.72173295	      0.00902821	      0.00000000	      0.00000000
  17951.08007812	     72.51753909	    426.09767762	      0.00900263	      0.00000000	      0.00000000
  18051.08007812	     71.29685532	    428.53886110	      0.00897583	      0.00000000	      0.00000000
  18151.57031250	     70.09197561	    431.04345004	      0.00894810	      0.00000000	      0.00000000
  18252.36914062	     68.90501238	    433.60435126	      0.00891969	      0.00000000	      0.00000000
  18353.34960938	     67.73733315	    436.21314637	      0.00889077	      0.00000000	      0.00000000
  18454.38085938	     66.59017812	    438.86091692	      0.00886148	      0.00000000	      0.00000000
  18555.35937500	     65.46433516	    441.54040852	      0.00883193	      0.00000000	      0.00000000
  18656.21093750	     64.36028728	    444.24586887	      0.00880224	      0.00000000	      0.00000000
  18756.88085938	     63.27813201	    446.97218394	      0.00877252	      0.00000000	      0.00000000
  18857.33007812	     62.21782089	    449.71268401	      0.00874290	      0.00000000	      0.00000000
  18957.53906250	     61.17906544	    452.45963449	      0.00871351	      0.00000000	      0.00000000
  19057.51953125	     60.16125595	    455.20619181	      0.00868444	      0.00000000	      0.00000000
  19157.31054688	     59.16349227	    457.94740547	      0.00865579	      0.00000000	      0.00000000
  19256.97070312	     58.18471025	    460.67991807	      0.00862762	      0.00000000	      0.00000000
  19356.59960938	     57.22350943	    463.40278027	      0.00859996	      0.00000000	      0.00000000
  19456.33984375	     56.27818818	    466.11821272	      0.00857279	      0.00000000	      0.00000000
  19556.35937500	     55.34687080	    468.83194150	      0.00854605	      0.00000000	      0.00000000
  19656.85937500	     54.42753240	    471.55317828	      0.00851963	      0.00000000	      0.00000000
  19758.00976562	     53.51855682	    474.29243114	      0.00849342	      0.00000000	      0.00000000
  19859.90039062	     52.61914625	    477.05836115	      0.00846728	      0.00000000	      0.00000000
  19962.59960938	     51.72873798	    479.85771311	      0.00844115	      0.00000000	      0.00000000
  20066.10937500	     50.84740499	    482.69246858	      0.00841495	      0.00000000	      0.00000000
  20170.39062500	     49.97554620	    485.56085283	      0.00838869	      0.00000000	      0.00000000
  20275.41992188	     49.11336530	    488.46007195	      0.00836238	      0.00000000	      0.00000000
  20381.16015625	     48.26120485	    491.38654362	      0.00833605	      0.00000000	      0.00000000
  20487.58007812	     47.41929684	    494.33770499	      0.00830976	      0.00000000	      0.00000000
  20594.68945312	     46.58754377	    497.31390091	      0.00828353	      0.00000000	      0.00000000
  20702.46093750	     45.76615466	    500.31670485	      0.00825739	      0.00000000	      0.00000000
  20810.90039062	     44.95502704	    503.35039310	      0.00823134	      0.00000000	      0.00000000
  20920.02929688	     44.15399537	    506.42043093	      0.00820539	      0.00000000	      0.00000000
  21029.85937500	     43.36297967	    509.53117938	      0.00817952	      0.00000000	      0.00000000
  21140.42968750	     42.58169603	    512.68597233	      0.00815373	      0.00000000	      0.00000000
  21251.76953125	     41.80994726	    515.88491369	      0.00812801	      0.00000000	      0.00000000
  21363.90039062	     41.04761121	    519.12519758	      0.00810236	      0.00000000	      0.00000000
  21476.83007812	     40.29463249	    522.40355455	      0.00807678	      0.00000000	      0.00000000
  21590.58984375	     39.55082260	    525.71893451	      0.00805127	      0.00000000	      0.00000000
  21705.16015625	     38.81632078	    529.07149633	      0.00802583	      0.00000000	      0.00000000
  21820.53906250	     38.09112928	    532.46383639	      0.00800045	      0.00000000	      0.00000000
  21936.73046875	     37.37525083	    535.90041000	      0.00797513	      0.00000000	      0.00000000
  22053.69921875	     36.66886927	    539.38543458	      0.00794988	      0.00000000	      0.00000000
  22171.41992188	     35.97215500	    542.92209117	      0.00792474	      0.00000000	      0.00000000
  22289.89062500	     35.28509129	    546.51265805	      0.00789974	      0.00000000	      0.00000000
  22409.08984375	     34.60777039	    550.15611464	      0.00787494	      0.00000000	      0.00000000
  22529.05078125	     33.93999193	    553.84834760	      0.00785038	      0.00000000	      0.00000000
  22649.81054688	     33.28150414	    557.58326294	      0.00782613	      0.00000000	      0.00000000
  22771.40039062	     32.63211392	    561.35432413	      0.00780222	      0.00000000	      0.00000000
  22893.91015625	     31.99131996	    565.15869464	      0.00777864	      0.00000000	      0.00000000
  23017.42968750	     31.35865272	    568.99680303	      0.00775536	      0.00000000	      0.00000000
  23142.05078125	     30.73367701	    572.87278448	      0.00773233	      0.00000000	      0.00000000
  23267.86914062	     30.11594696	    576.79606672	      0.00770941	      0.00000000	      0.00000000
  23394.89062500	     29.50553810	    580.77860238	      0.00768649	      0.00000000	      0.00000000
  23523.05078125	     28.90281350	    584.83612988	      0.00766343	      0.00000000	      0.00000000
  23652.23046875	     28.30839821	    588.98781595	      0.00764009	      0.00000000	      0.00000000
  23782.19921875	     27.72337434	    593.25109678	      0.00761637	      0.00000000	      0.00000000
  23912.67968750	     27.14896442	    597.63748993	      0.00759225	      0.00000000	      0.00000000
  24043.30078125	     26.58667184	    602.14450374	      0.00756787	      0.00000000	      0.00000000
  24173.64062500	     26.03806105	    606.74864879	      0.00754353	      0.00000000	      0.00000000
  24303.48046875	     25.50370807	    611.41452066	      0.00751966	      0.00000000	      0.00000000
  24432.89062500	     24.98293117	    616.10201704	      0.00749675	      0.00000000	      0.00000000
  24562.19921875	     24.47403574	    620.77450144	      0.00747520	      0.00000000	      0.00000000
  24692.06054688	     23.97419109	    625.39030986	      0.00745537	      0.00000000	      0.00000000
  24823.39062500	     23.47974033	    629.91596174	      0.00743742	      0.00000000	      0.00000000
  24957.46093750	     22.98600872	    634.32383111	      0.00742134	      0.00000000	      0.00000000
  25095.98046875	     22.48713068	    638.64596511	      0.00740685	      0.00000000	      0.00000000
  25241.02929688	     21.97648429	    642.92855949	      0.00739356	      0.00000000	      0.00000000
  25394.82031250	     21.44771776	    647.35127699	      0.00738069	      0.00000000	      0.00000000
  25559.61914062	     20.89509450	    652.02822637	      0.00736759	      0.00000000	      0.00000000
  25737.75000000	     20.31375021	    657.46109270	      0.00735231	      0.00000000	      0.00000000
  25931.43945312	     19.70027585	    663.81026945	      0.00733367	      0.00000000	      0.00000000
  26142.66015625	     19.05315458	    671.27457486	      0.00731013	      0.00000000	      0.00000000
  26372.89062500	     18.37324245	    679.76024266	      0.00728075	      0.00000000	      0.00000000
  26623.58984375	     17.66207859	    689.22228475	      0.00724435	      0.00000000	      0.00000000
  26896.09960938	     16.92214746	    699.63759138	      0.00719986	      0.00000000	      0.00000000
  27191.59960938	     16.15691282	    711.04761014	      0.00714651	      0.00000000	      0.00000000
  27511.31054688	     15.37022656	    723.52171376	      0.00708433	      0.00000000	      0.00000000
  27857.57031250	     14.56383250	    737.13822803	      0.00701429	      0.00000000	      0.00000000
  28234.68945312	     13.73616929	    751.98500129	      0.00693726	      0.00000000	      0.00000000
  28650.84960938	     12.87977067	    768.24436480	      0.00685069	      0.00000000	      0.00000000
  29123.50000000	     11.97395518	    786.56702552	      0.00674066	      0.00000000	      0.00000000
  29685.56054688	     10.98176993	    808.71646997	      0.00656366	      0.00000000	      0.00000000
  30365.00976562	      9.89537155	    837.08219594	      0.00621776	      0.00000000	      0.00000000
  31154.75976562	      8.77338713	    872.68524670	      0.00555429	      0.00000000	      0.00000000
  32042.22070312	      7.67244445	    915.32894203	      0.00446479	      0.00000000	      0.00000000
  33006.98046875	      6.64181482	    964.26909251	      0.00302610	      0.00000000	      0.00000000
  34006.98046875	      5.72977716	   1018.69875312	      0.00157848	      0.00000000	      0.00000000
  35006.98046875	      4.95300648	   1077.61898302	      0.00050978	      0.00000000	      0.00000000
  36006.98046875	      4.29095755	   1140.64368777	      0.00000209	      0.00000000	      0.00000000
  37006.98046875	      3.72571923	   1206.28599587	      0.00000000	      0.00000000	      0.00000000
  10000.00,        144,    1009.32
     25.00000000	   1006.44886374	    296.83666582	     14.40070847	      0.00000000	      0.00000000
     83.51000214	    999.75250528	    296.74604254	     13.80430260	      0.00000000	      0.00000000
    152.28999329	    991.91892020	    296.79035539	     13.61177348	      0.00000000	      0.00000000
    233.53999329	    982.72250311	    296.86727700	     13.49552852	      0.00000000	      0.00000000
    330.01000977	    971.88463300	    296.96120976	     13.35627792	      0.00000000	      0.00000000
    445.17001343	    959.06209363	    297.08840448	     13.14241838	      0.00000000	      0.00000000
    583.38000488	    943.83828079	    297.29279898	     12.78075207	      0.00000000	      0.00000000
    750.01000977	    925.72594559	    297.68019920	     12.13610012	      0.00000000	      0.00000000
    951.58001709	    904.17558575	    298.34479919	     11.22668953	      0.00000000	      0.00000000
   1195.53002930	    878.62828210	    299.28817129	     10.22982117	      0.00000000	      0.00000000
   1489.44995117	    848.62409244	    300.48675151	      9.23410258	      0.00000000	      0.00000000
   1839.10998535	    814.01878577	    301.91058084	      8.25304942	      0.00000000	      0.00000000
   2244.66992188	    775.32834131	    303.54242715	      7.26875067	      0.00000000	      0.00000000
   2697.28002930	    733.93059924	    305.35638163	      6.28307732	      0.00000000	      0.00000000
   3182.01000977	    691.60890656	    307.30854063	      5.31166549	      0.00000000	      0.00000000
   3681.28002930	    650.11591162	    309.34334880	      4.38196470	      0.00000000	      0.00000000
   4181.50976562	    610.59604440	    311.41364423	      3.53309136	      0.00000000	      0.00000000
   4681.00000000	    573.10360681	    313.48301248	      2.79766092	      0.00000000	      0.00000000
   5180.93994141	    537.46661899	    315.50497541	      2.17941492	      0.00000000	      0.00000000
   5681.06982422	    503.62569098	    317.45614018	      1.65886433	      0.00000000	      0.00000000
   6181.08984375	    471.52085602	    319.31162392	      1.22819866	      0.00000000	      0.00000000
   6681.04980469	    441.06835733	    321.03141819	      0.89065471	      0.00000000	      0.00000000
   7181.04980469	    412.18338408	    322.57763188	      0.64172621	      0.00000000	      0.00000000
   7681.06005859	    384.79184120	    323.93766810	      0.46158612	      0.00000000	      0.00000000
   8181.06005859	    358.82300555	    325.11442068	      0.32902082	      0.00000000	      0.00000000
   8681.05957031	    334.20933992	    326.11612842	      0.23053341	      0.00000000	      0.00000000
   9181.05957031	    310.88874802	    326.95659950	      0.15879838	      0.00000000	      0.00000000
   9681.04980469	    288.80465659	    327.66490914	      0.10818959	      0.00000000	      0.00000000
  10181.04003906	    267.90499710	    328.28644937	      0.07343433	      0.00000000	      0.00000000
  10681.11035156	    248.14051176	    328.87846113	      0.04974805	      0.00000000	      0.00000000
  11181.13964844	    229.47499445	    329.51169409	      0.03336694	      0.00000000	      0.00000000
  11680.87988281	    211.88057684	    330.28204426	      0.02181109	      0.00000000	      0.00000000
  12180.76953125	    195.31076428	    331.33717770	      0.01370775	      0.00000000	      0.00000000
  12681.71972656	    179.71461110	    332.86281933	      0.00844235	      0.00000000	      0.00000000
  13182.12011719	    165.12460696	    335.07097569	      0.00537458	      0.00000000	      0.00000000
  13676.61035156	    151.66416106	    338.23525268	      0.00374421	      0.00000000	      0.00000000
  14155.59960938	    139.52642764	    342.71675479	      0.00297822	      0.00000000	      0.00000000
  14606.75976562	    128.90608544	    348.85156869	      0.00277985	      0.00000000	      0.00000000
  15019.34960938	    119.88913011	    356.68970658	      0.00305478	      0.00000000	      0.00000000
  15386.38964844	    112.42888780	    365.72010049	      0.00398687	      0.00000000	      0.00000000
  15706.25976562	    106.35296800	    374.89985093	      0.00554518	      0.00000000	      0.00000000
  15981.98046875	    101.42078024	    383.12642455	      0.00733780	      0.00000000	      0.00000000
  16218.66992188	     97.39634126	    389.72549132	      0.00881670	      0.00000000	      0.00000000
  16422.36914062	     94.07395030	    394.63909739	      0.00964317	      0.00000000	      0.00000000
  16599.28906250	     91.28456904	    398.26142701	      0.00988607	      0.00000000	      0.00000000
  16754.97070312	     88.89844439	    401.08694301	      0.00983926	      0.00000000	      0.00000000
  16894.13085938	     86.81698409	    403.51448976	      0.00967833	      0.00000000	      0.00000000
  17020.66015625	     84.96551135	    405.78758591	      0.00949442	      0.00000000	      0.00000000
  17137.80078125	     83.28595924	    408.01922690	      0.00934185	      0.00000000	      0.00000000
  17248.09960938	     81.73467556	    410.24428609	      0.00923549	      0.00000000	      0.00000000
  17353.49023438	     80.27965502	    412.46563243	      0.00916858	      0.00000000	      0.00000000
  17455.50976562	     78.89626547	    414.68267445	      0.00912722	      0.00000000	      0.00000000
  17555.42968750	     77.56501498	    416.90213364	      0.00909890	      0.00000000	      0.00000000
  17654.27929688	     76.27075933	    419.13758714	      0.00907538	      0.00000000	      0.00000000
  17752.85937500	     75.00225411	    421.40572418	      0.00905236	      0.00000000	      0.00000000
  17851.68945312	     73.75249655	    423.72173295	      0.00902821	      0.00000000	      0.00000000
  17951.08007812	     72.51753909	    426.09767762	      0.00900263	      0.00000000	      0.00000000
  18051.08007812	     71.29685532	    428.53886110	      0.00897583	      0.00000000	      0.00000000
  18151.57031250	     70.09197561	    431.04345004	      0.00894810	      0.00000000	      0.00000000
  18252.36914062	     68.90501238	    433.60435126	      0.00891969	      0.00000000	      0.00000000
  18353.34960938	     67.73733315	    436.21314637	      0.00889077	      0.00000000	      0.00000000
  18454.38085938	     66.59017812	    438.86091692	      0.00886148	      0.00000000	      0.00000000
  18555.35937500	     65.46433516	    441.54040852	      0.00883193	      0.00000000	      0.00000000
  18656.21093750	     64.36028728	    444.24586887	      0.00880224	      0.00000000	      0.00000000
  18756.88085938	     63.27813201	    446.97218394	      0.00877252	      0.00000000	      0.00000000
  18857.33007812	     62.21782089	    449.71268401	      0.00874290	      0.00000000	      0.00000000
  18957.53906250	     61.17906544	    452.45963449	      0.00871351	      0.00000000	      0.00000000
  19057.51953125	     60.16125595	    455.20619181	      0.00868444	      0.00000000	      0.00000000
  19157.31054688	     59.16349227	    457.94740547	      0.00865579	      0.00000000	      0.00000000
  19256.97070312	     58.18471025	    460.67991807	      0.00862762	      0.00000000	      0.00000000
  19356.59960938	     57.22350943	    463.40278027	      0.00859996	      0.00000000	      0.00000000
  19456.33984375	     56.27818818	    466.11821272	      0.00857279	      0.00000000	      0.00000000
  19556.35937500	     55.34687080	    468.83194150	      0.00854605	      0.00000000	      0.00000000
  19656.85937500	     54.42753240	    471.55317828	      0.00851963	      0.00000000	      0.00000000
  19758.00976562	     53.51855682	    474.29243114	      0.00849342	      0.00000000	      0.00000000
  19859.90039062	     52.61914625	    477.05836115	      0.00846728	      0.00000000	      0.00000000
  19962.59960938	     51.72873798	    479.85771311	      0.00844115	      0.00000000	      0.00000000
  20066.10937500	     50.84740499	    482.69246858	      0.00841495	      0.00000000	      0.00000000
  20170.39062500	     49.97554620	    485.56085283	      0.00838869	      0.00000000	      0.00000000
  20275.41992188	     49.11336530	    488.46007195	      0.00836238	      0.00000000	      0.00000000
  20381.16015625	     48.26120485	    491.38654362	      0.00833605	      0.00000000	      0.00000000
  20487.58007812	     47.41929684	    494.33770499	      0.00830976	      0.00000000	      0.00000000
  20594.68945312	     46.58754377	    497.31390091	      0.00828353	      0.00000000	      0.00000000
  20702.46093750	     45.76615466	    500.31670485	      0.00825739	      0.00000000	      0.00000000
  20810.90039062	     44.95502704	    503.35039310	      0.00823134	      0.00000000	      0.00000000
  20920.02929688	     44.15399537	    506.42043093	      0.00820539	      0.00000000	      0.00000000
  21029.85937500	     43.36297967	    509.53117938	      0.00817952	      0.00000000	      0.00000000
  21140.42968750	     42.58169603	    512.68597233	      0.00815373	      0.00000000	      0.00000000
  21251.76953125	     41.80994726	    515.88491369	      0.00812801	      0.00000000	      0.00000000
  21363.90039062	     41.04761121	    519.12519758	      0.00810236	      0.00000000	      0.00000000
  21476.83007812	     40.29463249	    522.40355455	      0.00807678	      0.00000000	      0.00000000
  21590.58984375	     39.55082260	    525.71893451	      0.00805127	      0.00000000	      0.00000000
  21705.16015625	     38.81632078	    529.07149633	      0.00802583	      0.00000000	      0.00000000
  21820.53906250	     38.09112928	    532.46383639	      0.00800045	      0.00000000	      0.00000000
  21936.73046875	     37.37525083	    535.90041000	      0.00797513	      0.00000000	      0.00000000
  22053.69921875	     36.66886927	    539.38543458	      0.00794988	      0.00000000	      0.00000000
  22171.41992188	     35.97215500	    542.92209117	      0.00792474	      0.00000000	      0.00000000
  22289.89062500	     35.28509129	    546.51265805	      0.00789974	      0.00000000	      0.00000000
  22409.08984375	     34.60777039	    550.15611464	      0.00787494	      0.00000000	      0.00000000
  22529.05078125	     33.93999193	    553.84834760	      0.00785038	      0.00000000	      0.00000000
  22649.81054688	     33.28150414	    557.58326294	      0.00782613	      0.00000000	      0.00000000
  22771.40039062	     32.63211392	    561.35432413	      0.00780222	      0.00000000	      0.00000000
  22893.91015625	     31.99131996	    565.15869464	      0.00777864	      0.00000000	      0.00000000
  23017.42968750	     31.35865272	    568.99680303	      0.00775536	      0.00000000	      0.00000000
  23142.05078125	     30.73367701	    572.87278448	      0.00773233	      0.00000000	      0.00000000
  23267.86914062	     30.11594696	    576.79606672	      0.00770941	      0.00000000	      0.00000000
  23394.89062500	     29.50553810	    580.77860238	      0.00768649	      0.00000000	      0.00000000
  23523.05078125	     28.90281350	    584.83612988	      0.00766343	      0.00000000	      0.00000000
  23652.23046875	     28.30839821	    588.98781595	      0.00764009	      0.00000000	      0.00000000
  23782.19921875	     27.72337434	    593.25109678	      0.00761637	      0.00000000	      0.00000000
  23912.67968750	     27.14896442	    597.63748993	      0.00759225	      0.00000000	      0.00000000
  24043.30078125	     26.58667184	    602.14450374	      0.00756787	      0.00000000	      0.00000000
  24173.64062500	     26.03806105	    606.74864879	      0.00754353	      0.00000000	      0.00000000
  24303.48046875	     25.50370807	    611.41452066	      0.00751966	      0.00000000	      0.00000000
  24432.89062500	     24.98293117	    616.10201704	      0.00749675	      0.00000000	      0.00000000
  24562.19921875	     24.47403574	    620.77450144	      0.00747520	      0.00000000	      0.00000000
  24692.06054688	     23.97419109	    625.39030986	      0.00745537	      0.00000000	      0.00000000
  24823.39062500	     23.47974033	    629.91596174	      0.00743742	      0.00000000	      0.00000000
  24957.46093750	     22.98600872	    634.32383111	      0.00742134	      0.00000000	      0.00000000
  25095.98046875	     22.48713068	    638.64596511	      0.00740685	      0.00000000	      0.00000000
  25241.02929688	     21.97648429	    642.92855949	      0.00739356	      0.00000000	      0.00000000
  25394.82031250	     21.44771776	    647.35127699	      0.00738069	      0.00000000	      0.00000000
  25559.61914062	     20.89509450	    652.02822637	      0.00736759	      0.00000000	      0.00000000
  25737.75000000	     20.31375021	    657.46109270	      0.00735231	      0.00000000	      0.00000000
  25931.43945312	     19.70027585	    663.81026945	      0.00733367	      0.00000000	      0.00000000
  26142.66015625	     19.05315458	    671.27457486	      0.00731013	      0.00000000	      0.00000000
  26372.89062500	     18.37324245	    679.76024266	      0.00728075	      0.00000000	      0.00000000
  26623.58984375	     17.66207859	    689.22228475	      0.00724435	      0.00000000	      0.00000000
  26896.09960938	     16.92214746	    699.63759138	      0.00719986	      0.00000000	      0.00000000
  27191.59960938	     16.15691282	    711.04761014	      0.00714651	      0.00000000	      0.00000000
  27511.31054688	     15.37022656	    723.52171376	      0.00708433	      0.00000000	      0.00000000
  27857.57031250	     14.56383250	    737.13822803	      0.00701429	      0.00000000	      0.00000000
  28234.68945312	     13.73616929	    751.98500129	      0.00693726	      0.00000000	      0.00000000
  28650.84960938	     12.87977067	    768.24436480	      0.00685069	      0.00000000	      0.00000000
  29123.50000000	     11.97395518	    786.56702552	      0.00674066	      0.00000000	      0.00000000
  29685.56054688	     10.98176993	    808.71646997	      0.00656366	      0.00000000	      0.00000000
  30365.00976562	      9.89537155	    837.08219594	      0.00621776	      0.00000000	      0.00000000
  31154.75976562	      8.77338713	    872.68524670	      0.00555429	      0.00000000	      0.00000000
  32042.22070312	      7.67244445	    915.32894203	      0.00446479	      0.00000000	      0.00000000
  33006.98046875	      6.64181482	    964.26909251	      0.00302610	      0.00000000	      0.00000000
  34006.98046875	      5.72977716	   1018.69875312	      0.00157848	      0.00000000	      0.00000000
  35006.98046875	      4.95300648	   1077.61898302	      0.00050978	      0.00000000	      0.00000000
  36006.98046875	      4.29095755	   1140.64368777	      0.00000209	      0.00000000	      0.00000000
  37006.98046875	      3.72571923	   1206.28599587	      0.00000000	      0.00000000	      0.00000000
