      z[m]      p[mb]      tp[K]    q[g/kg]     u[m/s]     v[m/s]
      0.00,         64,    1009.32
     25.00000000	   1006.50692119	    301.96550941	     20.04249912	      0.00000000	      0.00000000
     75.00000000	   1000.89826471	    301.91232297	     19.46419178	      0.00000000	      0.00000000
    127.84809875	    994.99298699	    301.96154315	     19.33266062	      0.00000000	      0.00000000
    186.71687317	    988.44493806	    302.02092284	     19.24590136	      0.00000000	      0.00000000
    252.29220581	    981.18825725	    302.08504250	     19.15619627	      0.00000000	      0.00000000
    325.33816528	    973.15097032	    302.15643891	     19.03170878	      0.00000000	      0.00000000
    406.70581055	    964.25498627	    302.24437396	     18.85540779	      0.00000000	      0.00000000
    497.34317017	    954.41609803	    302.36716874	     18.58640930	      0.00000000	      0.00000000
    598.30627441	    943.54424636	    302.55820679	     18.16926029	      0.00000000	      0.00000000
    710.77154541	    931.54428411	    302.86847894	     17.53967742	      0.00000000	      0.00000000
    836.04931641	    918.31677574	    303.31997579	     16.74799165	      0.00000000	      0.00000000
    975.59924316	    903.75802994	    303.88992366	     15.92751783	      0.00000000	      0.00000000
   1131.04724121	    887.76009792	    304.56066220	     15.13852487	      0.00000000	      0.00000000
   1304.20446777	    870.21149567	    305.32460193	     14.38136438	      0.00000000	      0.00000000
   1497.08850098	    850.99851731	    306.18205895	     13.63388926	      0.00000000	      0.00000000
   1711.94665527	    830.00730328	    307.14051098	     12.86953218	      0.00000000	      0.00000000
   1951.28234863	    807.12659099	    308.21183577	     12.06810479	      0.00000000	      0.00000000
   2217.88403320	    782.25112191	    309.40685039	     11.22080540	      0.00000000	      0.00000000
   2514.85815430	    755.28558330	    310.73430312	     10.32957789	      0.00000000	      0.00000000
   2845.66479492	    726.14972645	    312.20717997	      9.40232954	      0.00000000	      0.00000000
   3214.15820312	    694.78501044	    313.84969456	      8.44797492	      0.00000000	      0.00000000
   3624.63183594	    661.16287073	    315.69858982	      7.47397756	      0.00000000	      0.00000000
   4081.86840820	    625.29550565	    317.79859285	      6.48070054	      0.00000000	      0.00000000
   4581.86816406	    587.93036208	    320.15712376	      5.48095424	      0.00000000	      0.00000000
   5081.86816406	    552.43291978	    322.56288465	      4.56633423	      0.00000000	      0.00000000
   5581.86816406	    518.72293116	    324.98099293	      3.75720494	      0.00000000	      0.00000000
   6081.86816406	    486.72508322	    327.35359601	      3.06679906	      0.00000000	      0.00000000
   6581.86816406	    456.36271957	    329.64683250	      2.47549214	      0.00000000	      0.00000000
   7081.86816406	    427.56156694	    331.87488042	      1.95049531	      0.00000000	      0.00000000
   7581.86816406	    400.25159941	    334.04438785	      1.48668700	      0.00000000	      0.00000000
   8081.86816406	    374.36492677	    336.11343773	      1.10500327	      0.00000000	      0.00000000
   8581.86816406	    349.83332159	    338.01248301	      0.81434663	      0.00000000	      0.00000000
   9081.86816406	    326.58913528	    339.70969766	      0.59724378	      0.00000000	      0.00000000
   9581.86816406	    304.56791600	    341.20423320	      0.43154326	      0.00000000	      0.00000000
  10081.86816406	    283.70955629	    342.50282345	      0.30494507	      0.00000000	      0.00000000
  10581.86816406	    263.95834271	    343.61622622	      0.21198119	      0.00000000	      0.00000000
  11081.86816406	    245.26315396	    344.57427149	      0.14651385	      0.00000000	      0.00000000
  11581.86816406	    227.57809284	    345.43660397	      0.10121557	      0.00000000	      0.00000000
  12081.86816406	    210.86290909	    346.28742088	      0.06965411	      0.00000000	      0.00000000
  12581.86816406	    195.08298657	    347.23563114	      0.04745986	      0.00000000	      0.00000000
  13081.86816406	    180.20925349	    348.42360461	      0.03202254	      0.00000000	      0.00000000
  13581.86816406	    166.21803988	    350.03235951	      0.02148432	      0.00000000	      0.00000000
  14081.86816406	    153.09071716	    352.28696295	      0.01449897	      0.00000000	      0.00000000
  14581.86816406	    140.81320612	    355.47062365	      0.01016628	      0.00000000	      0.00000000
  15081.86816406	    129.37480259	    359.90328895	      0.00774576	      0.00000000	      0.00000000
  15581.86816406	    118.76478837	    365.83723554	      0.00660946	      0.00000000	      0.00000000
  16081.86816406	    108.96621896	    373.29099791	      0.00629053	      0.00000000	      0.00000000
  16581.86718750	     99.94968643	    381.97871685	      0.00641824	      0.00000000	      0.00000000
  17081.86718750	     91.67215446	    391.49583748	      0.00681322	      0.00000000	      0.00000000
  17581.86718750	     84.08327251	    401.67310551	      0.00738699	      0.00000000	      0.00000000
  18081.86718750	     77.13495907	    412.83079556	      0.00810403	      0.00000000	      0.00000000
  18581.86718750	     70.78844554	    425.77562460	      0.00895506	      0.00000000	      0.00000000
  19081.86718750	     65.00788284	    440.40396685	      0.00981965	      0.00000000	      0.00000000
  19581.86718750	     59.74813091	    455.61300451	      0.01044375	      0.00000000	      0.00000000
  20081.86718750	     54.95537175	    470.48088623	      0.01064582	      0.00000000	      0.00000000
  20590.05468750	     50.50749157	    484.97434625	      0.01064681	      0.00000000	      0.00000000
  21149.06054688	     46.05248549	    500.50650467	      0.01062600	      0.00000000	      0.00000000
  21763.96679688	     41.62563124	    517.76430589	      0.01061915	      0.00000000	      0.00000000
  22440.36328125	     37.26784715	    537.44422950	      0.01062016	      0.00000000	      0.00000000
  23184.40039062	     33.02386297	    560.07734187	      0.01062218	      0.00000000	      0.00000000
  24002.83984375	     28.93811001	    585.89710905	      0.01062306	      0.00000000	      0.00000000
  24903.12304688	     25.05191949	    615.21026060	      0.01062295	      0.00000000	      0.00000000
  25893.43554688	     21.40316168	    648.67612400	      0.01062291	      0.00000000	      0.00000000
  26982.77929688	     18.02775321	    687.24489367	      0.01062278	      0.00000000	      0.00000000
  10000.00,         64,    1009.32
     25.00000000	   1006.50692119	    301.96550941	     20.04249912	      0.00000000	      0.00000000
     75.00000000	   1000.89826471	    301.91232297	     19.46419178	      0.00000000	      0.00000000
    127.84809875	    994.99298699	    301.96154315	     19.33266062	      0.00000000	      0.00000000
    186.71687317	    988.44493806	    302.02092284	     19.24590136	      0.00000000	      0.00000000
    252.29220581	    981.18825725	    302.08504250	     19.15619627	      0.00000000	      0.00000000
    325.33816528	    973.15097032	    302.15643891	     19.03170878	      0.00000000	      0.00000000
    406.70581055	    964.25498627	    302.24437396	     18.85540779	      0.00000000	      0.00000000
    497.34317017	    954.41609803	    302.36716874	     18.58640930	      0.00000000	      0.00000000
    598.30627441	    943.54424636	    302.55820679	     18.16926029	      0.00000000	      0.00000000
    710.77154541	    931.54428411	    302.86847894	     17.53967742	      0.00000000	      0.00000000
    836.04931641	    918.31677574	    303.31997579	     16.74799165	      0.00000000	      0.00000000
    975.59924316	    903.75802994	    303.88992366	     15.92751783	      0.00000000	      0.00000000
   1131.04724121	    887.76009792	    304.56066220	     15.13852487	      0.00000000	      0.00000000
   1304.20446777	    870.21149567	    305.32460193	     14.38136438	      0.00000000	      0.00000000
   1497.08850098	    850.99851731	    306.18205895	     13.63388926	      0.00000000	      0.00000000
   1711.94665527	    830.00730328	    307.14051098	     12.86953218	      0.00000000	      0.00000000
   1951.28234863	    807.12659099	    308.21183577	     12.06810479	      0.00000000	      0.00000000
   2217.88403320	    782.25112191	    309.40685039	     11.22080540	      0.00000000	      0.00000000
   2514.85815430	    755.28558330	    310.73430312	     10.32957789	      0.00000000	      0.00000000
   2845.66479492	    726.14972645	    312.20717997	      9.40232954	      0.00000000	      0.00000000
   3214.15820312	    694.78501044	    313.84969456	      8.44797492	      0.00000000	      0.00000000
   3624.63183594	    661.16287073	    315.69858982	      7.47397756	      0.00000000	      0.00000000
   4081.86840820	    625.29550565	    317.79859285	      6.48070054	      0.00000000	      0.00000000
   4581.86816406	    587.93036208	    320.15712376	      5.48095424	      0.00000000	      0.00000000
   5081.86816406	    552.43291978	    322.56288465	      4.56633423	      0.00000000	      0.00000000
   5581.86816406	    518.72293116	    324.98099293	      3.75720494	      0.00000000	      0.00000000
   6081.86816406	    486.72508322	    327.35359601	      3.06679906	      0.00000000	      0.00000000
   6581.86816406	    456.36271957	    329.64683250	      2.47549214	      0.00000000	      0.00000000
   7081.86816406	    427.56156694	    331.87488042	      1.95049531	      0.00000000	      0.00000000
   7581.86816406	    400.25159941	    334.04438785	      1.48668700	      0.00000000	      0.00000000
   8081.86816406	    374.36492677	    336.11343773	      1.10500327	      0.00000000	      0.00000000
   8581.86816406	    349.83332159	    338.01248301	      0.81434663	      0.00000000	      0.00000000
   9081.86816406	    326.58913528	    339.70969766	      0.59724378	      0.00000000	      0.00000000
   9581.86816406	    304.56791600	    341.20423320	      0.43154326	      0.00000000	      0.00000000
  10081.86816406	    283.70955629	    342.50282345	      0.30494507	      0.00000000	      0.00000000
  10581.86816406	    263.95834271	    343.61622622	      0.21198119	      0.00000000	      0.00000000
  11081.86816406	    245.26315396	    344.57427149	      0.14651385	      0.00000000	      0.00000000
  11581.86816406	    227.57809284	    345.43660397	      0.10121557	      0.00000000	      0.00000000
  12081.86816406	    210.86290909	    346.28742088	      0.06965411	      0.00000000	      0.00000000
  12581.86816406	    195.08298657	    347.23563114	      0.04745986	      0.00000000	      0.00000000
  13081.86816406	    180.20925349	    348.42360461	      0.03202254	      0.00000000	      0.00000000
  13581.86816406	    166.21803988	    350.03235951	      0.02148432	      0.00000000	      0.00000000
  14081.86816406	    153.09071716	    352.28696295	      0.01449897	      0.00000000	      0.00000000
  14581.86816406	    140.81320612	    355.47062365	      0.01016628	      0.00000000	      0.00000000
  15081.86816406	    129.37480259	    359.90328895	      0.00774576	      0.00000000	      0.00000000
  15581.86816406	    118.76478837	    365.83723554	      0.00660946	      0.00000000	      0.00000000
  16081.86816406	    108.96621896	    373.29099791	      0.00629053	      0.00000000	      0.00000000
  16581.86718750	     99.94968643	    381.97871685	      0.00641824	      0.00000000	      0.00000000
  17081.86718750	     91.67215446	    391.49583748	      0.00681322	      0.00000000	      0.00000000
  17581.86718750	     84.08327251	    401.67310551	      0.00738699	      0.00000000	      0.00000000
  18081.86718750	     77.13495907	    412.83079556	      0.00810403	      0.00000000	      0.00000000
  18581.86718750	     70.78844554	    425.77562460	      0.00895506	      0.00000000	      0.00000000
  19081.86718750	     65.00788284	    440.40396685	      0.00981965	      0.00000000	      0.00000000
  19581.86718750	     59.74813091	    455.61300451	      0.01044375	      0.00000000	      0.00000000
  20081.86718750	     54.95537175	    470.48088623	      0.01064582	      0.00000000	      0.00000000
  20590.05468750	     50.50749157	    484.97434625	      0.01064681	      0.00000000	      0.00000000
  21149.06054688	     46.05248549	    500.50650467	      0.01062600	      0.00000000	      0.00000000
  21763.96679688	     41.62563124	    517.76430589	      0.01061915	      0.00000000	      0.00000000
  22440.36328125	     37.26784715	    537.44422950	      0.01062016	      0.00000000	      0.00000000
  23184.40039062	     33.02386297	    560.07734187	      0.01062218	      0.00000000	      0.00000000
  24002.83984375	     28.93811001	    585.89710905	      0.01062306	      0.00000000	      0.00000000
  24903.12304688	     25.05191949	    615.21026060	      0.01062295	      0.00000000	      0.00000000
  25893.43554688	     21.40316168	    648.67612400	      0.01062291	      0.00000000	      0.00000000
  26982.77929688	     18.02775321	    687.24489367	      0.01062278	      0.00000000	      0.00000000
