      z[m]      p[mb]      tp[K]    q[g/kg]     u[m/s]     v[m/s]
      0.00,         64,    1009.32
     25.00000000	   1006.38970947	    291.53529836	      9.86840343	      0.00000000	      0.00000000
     75.00000000	   1000.54632568	    291.45003643	      9.49113464	      0.00000000	      0.00000000
    127.84809875	    994.39434814	    291.48034169	      9.40314198	      0.00000000	      0.00000000
    186.71687317	    987.57470703	    291.52546120	      9.35453510	      0.00000000	      0.00000000
    252.29220581	    980.01837158	    291.57560109	      9.31051350	      0.00000000	      0.00000000
    325.33816528	    971.65112305	    291.62957492	      9.25168800	      0.00000000	      0.00000000
    406.70581055	    962.39257812	    291.69173141	      9.16903400	      0.00000000	      0.00000000
    497.34317017	    952.15484619	    291.77105944	      9.04468060	      0.00000000	      0.00000000
    598.30627441	    940.84545898	    291.88340525	      8.85446167	      0.00000000	      0.00000000
    710.77154541	    928.36486816	    292.05901932	      8.56055260	      0.00000000	      0.00000000
    836.04931641	    914.60986328	    292.33684853	      8.13930988	      0.00000000	      0.00000000
    975.59924316	    899.47235107	    292.72756114	      7.64052868	      0.00000000	      0.00000000
   1131.04724121	    882.84204102	    293.21460409	      7.13801956	      0.00000000	      0.00000000
   1304.20446777	    864.60351562	    293.78344255	      6.66288757	      0.00000000	      0.00000000
   1497.08850098	    844.64093018	    294.43021432	      6.21203852	      0.00000000	      0.00000000
   1711.94665527	    822.83770752	    295.15967129	      5.76820230	      0.00000000	      0.00000000
   1951.28234863	    799.08258057	    295.97935860	      5.31269169	      0.00000000	      0.00000000
   2217.88403320	    773.26928711	    296.90081371	      4.82966471	      0.00000000	      0.00000000
   2514.85815430	    745.30438232	    297.94580814	      4.30491829	      0.00000000	      0.00000000
   2845.66479492	    715.11334229	    299.13755437	      3.73415017	      0.00000000	      0.00000000
   3214.15820312	    682.64508057	    300.47477378	      3.13715482	      0.00000000	      0.00000000
   3624.63183594	    647.87731934	    301.92500040	      2.54997015	      0.00000000	      0.00000000
   4081.86840820	    610.82580566	    303.47258699	      1.99447727	      0.00000000	      0.00000000
   4581.86816406	    572.26214600	    305.10653674	      1.47981977	      0.00000000	      0.00000000
   5081.86816406	    535.65264893	    306.64987882	      1.05729389	      0.00000000	      0.00000000
   5581.86816406	    500.90252686	    308.04680023	      0.73734319	      0.00000000	      0.00000000
   6081.86816406	    467.92443848	    309.26246031	      0.51218098	      0.00000000	      0.00000000
   6581.86816406	    436.63473511	    310.30479013	      0.35556412	      0.00000000	      0.00000000
   7081.86816406	    406.95608521	    311.18836170	      0.24526720	      0.00000000	      0.00000000
   7581.86816406	    378.81640625	    311.92047921	      0.16698147	      0.00000000	      0.00000000
   8081.86816406	    352.14895630	    312.51781040	      0.11195875	      0.00000000	      0.00000000
   8581.86816406	    326.89190674	    313.01082618	      0.07418511	      0.00000000	      0.00000000
   9081.86816406	    302.98959351	    313.43626874	      0.04905225	      0.00000000	      0.00000000
   9581.86816406	    280.39099121	    313.84239948	      0.03242153	      0.00000000	      0.00000000
  10081.86816406	    259.05078125	    314.29939479	      0.02116259	      0.00000000	      0.00000000
  10581.86816406	    238.93038940	    314.93102488	      0.01350920	      0.00000000	      0.00000000
  11081.86816406	    219.99980164	    315.95640884	      0.00843142	      0.00000000	      0.00000000
  11581.86816406	    202.24121094	    317.70498640	      0.00534090	      0.00000000	      0.00000000
  12081.86816406	    185.64843750	    320.58805262	      0.00367660	      0.00000000	      0.00000000
  12581.86816406	    170.22177124	    324.98431435	      0.00290510	      0.00000000	      0.00000000
  13081.86816406	    155.95669556	    331.04097823	      0.00265444	      0.00000000	      0.00000000
  13581.86816406	    142.83021545	    338.61198305	      0.00266876	      0.00000000	      0.00000000
  14081.86816406	    130.79667664	    347.39647289	      0.00285021	      0.00000000	      0.00000000
  14581.86816406	    119.79174042	    357.07241787	      0.00314028	      0.00000000	      0.00000000
  15081.86816406	    109.74030304	    367.37132101	      0.00349270	      0.00000000	      0.00000000
  15581.86816406	    100.56393433	    378.10020938	      0.00388052	      0.00000000	      0.00000000
  16081.86816406	     92.18612671	    389.15210142	      0.00428308	      0.00000000	      0.00000000
  16581.86718750	     84.53518677	    400.48789527	      0.00466474	      0.00000000	      0.00000000
  17081.86718750	     77.54540253	    412.07652257	      0.00496081	      0.00000000	      0.00000000
  17581.86718750	     71.15750122	    424.00222185	      0.00510000	      0.00000000	      0.00000000
  18081.86718750	     65.32070923	    436.65454083	      0.00511789	      0.00000000	      0.00000000
  18581.86718750	     59.99467468	    450.79955231	      0.00511777	      0.00000000	      0.00000000
  19081.86718750	     55.14245605	    466.16121231	      0.00512102	      0.00000000	      0.00000000
  19581.86718750	     50.72095871	    481.53888919	      0.00515091	      0.00000000	      0.00000000
  20081.86718750	     46.68289948	    496.27338075	      0.00522998	      0.00000000	      0.00000000
  20590.05468750	     42.92710495	    510.72823819	      0.00535918	      0.00000000	      0.00000000
  21149.06054688	     39.15896225	    526.55027712	      0.00552494	      0.00000000	      0.00000000
  21763.96679688	     35.41055298	    544.42943901	      0.00567086	      0.00000000	      0.00000000
  22440.36328125	     31.71849442	    565.12890743	      0.00573348	      0.00000000	      0.00000000
  23184.40039062	     28.12192917	    589.05657189	      0.00573401	      0.00000000	      0.00000000
  24002.83984375	     24.65879059	    616.36475225	      0.00573406	      0.00000000	      0.00000000
  24903.12304688	     21.36375046	    647.28717705	      0.00573594	      0.00000000	      0.00000000
  25893.43554688	     18.26839447	    682.49636765	      0.00573652	      0.00000000	      0.00000000
  26982.77929688	     15.40294838	    723.06361695	      0.00573520	      0.00000000	      0.00000000
  10000.00,         64,    1009.32
     25.00000000	   1006.38970947	    291.53529836	      9.86840343	      0.00000000	      0.00000000
     75.00000000	   1000.54632568	    291.45003643	      9.49113464	      0.00000000	      0.00000000
    127.84809875	    994.39434814	    291.48034169	      9.40314198	      0.00000000	      0.00000000
    186.71687317	    987.57470703	    291.52546120	      9.35453510	      0.00000000	      0.00000000
    252.29220581	    980.01837158	    291.57560109	      9.31051350	      0.00000000	      0.00000000
    325.33816528	    971.65112305	    291.62957492	      9.25168800	      0.00000000	      0.00000000
    406.70581055	    962.39257812	    291.69173141	      9.16903400	      0.00000000	      0.00000000
    497.34317017	    952.15484619	    291.77105944	      9.04468060	      0.00000000	      0.00000000
    598.30627441	    940.84545898	    291.88340525	      8.85446167	      0.00000000	      0.00000000
    710.77154541	    928.36486816	    292.05901932	      8.56055260	      0.00000000	      0.00000000
    836.04931641	    914.60986328	    292.33684853	      8.13930988	      0.00000000	      0.00000000
    975.59924316	    899.47235107	    292.72756114	      7.64052868	      0.00000000	      0.00000000
   1131.04724121	    882.84204102	    293.21460409	      7.13801956	      0.00000000	      0.00000000
   1304.20446777	    864.60351562	    293.78344255	      6.66288757	      0.00000000	      0.00000000
   1497.08850098	    844.64093018	    294.43021432	      6.21203852	      0.00000000	      0.00000000
   1711.94665527	    822.83770752	    295.15967129	      5.76820230	      0.00000000	      0.00000000
   1951.28234863	    799.08258057	    295.97935860	      5.31269169	      0.00000000	      0.00000000
   2217.88403320	    773.26928711	    296.90081371	      4.82966471	      0.00000000	      0.00000000
   2514.85815430	    745.30438232	    297.94580814	      4.30491829	      0.00000000	      0.00000000
   2845.66479492	    715.11334229	    299.13755437	      3.73415017	      0.00000000	      0.00000000
   3214.15820312	    682.64508057	    300.47477378	      3.13715482	      0.00000000	      0.00000000
   3624.63183594	    647.87731934	    301.92500040	      2.54997015	      0.00000000	      0.00000000
   4081.86840820	    610.82580566	    303.47258699	      1.99447727	      0.00000000	      0.00000000
   4581.86816406	    572.26214600	    305.10653674	      1.47981977	      0.00000000	      0.00000000
   5081.86816406	    535.65264893	    306.64987882	      1.05729389	      0.00000000	      0.00000000
   5581.86816406	    500.90252686	    308.04680023	      0.73734319	      0.00000000	      0.00000000
   6081.86816406	    467.92443848	    309.26246031	      0.51218098	      0.00000000	      0.00000000
   6581.86816406	    436.63473511	    310.30479013	      0.35556412	      0.00000000	      0.00000000
   7081.86816406	    406.95608521	    311.18836170	      0.24526720	      0.00000000	      0.00000000
   7581.86816406	    378.81640625	    311.92047921	      0.16698147	      0.00000000	      0.00000000
   8081.86816406	    352.14895630	    312.51781040	      0.11195875	      0.00000000	      0.00000000
   8581.86816406	    326.89190674	    313.01082618	      0.07418511	      0.00000000	      0.00000000
   9081.86816406	    302.98959351	    313.43626874	      0.04905225	      0.00000000	      0.00000000
   9581.86816406	    280.39099121	    313.84239948	      0.03242153	      0.00000000	      0.00000000
  10081.86816406	    259.05078125	    314.29939479	      0.02116259	      0.00000000	      0.00000000
  10581.86816406	    238.93038940	    314.93102488	      0.01350920	      0.00000000	      0.00000000
  11081.86816406	    219.99980164	    315.95640884	      0.00843142	      0.00000000	      0.00000000
  11581.86816406	    202.24121094	    317.70498640	      0.00534090	      0.00000000	      0.00000000
  12081.86816406	    185.64843750	    320.58805262	      0.00367660	      0.00000000	      0.00000000
  12581.86816406	    170.22177124	    324.98431435	      0.00290510	      0.00000000	      0.00000000
  13081.86816406	    155.95669556	    331.04097823	      0.00265444	      0.00000000	      0.00000000
  13581.86816406	    142.83021545	    338.61198305	      0.00266876	      0.00000000	      0.00000000
  14081.86816406	    130.79667664	    347.39647289	      0.00285021	      0.00000000	      0.00000000
  14581.86816406	    119.79174042	    357.07241787	      0.00314028	      0.00000000	      0.00000000
  15081.86816406	    109.74030304	    367.37132101	      0.00349270	      0.00000000	      0.00000000
  15581.86816406	    100.56393433	    378.10020938	      0.00388052	      0.00000000	      0.00000000
  16081.86816406	     92.18612671	    389.15210142	      0.00428308	      0.00000000	      0.00000000
  16581.86718750	     84.53518677	    400.48789527	      0.00466474	      0.00000000	      0.00000000
  17081.86718750	     77.54540253	    412.07652257	      0.00496081	      0.00000000	      0.00000000
  17581.86718750	     71.15750122	    424.00222185	      0.00510000	      0.00000000	      0.00000000
  18081.86718750	     65.32070923	    436.65454083	      0.00511789	      0.00000000	      0.00000000
  18581.86718750	     59.99467468	    450.79955231	      0.00511777	      0.00000000	      0.00000000
  19081.86718750	     55.14245605	    466.16121231	      0.00512102	      0.00000000	      0.00000000
  19581.86718750	     50.72095871	    481.53888919	      0.00515091	      0.00000000	      0.00000000
  20081.86718750	     46.68289948	    496.27338075	      0.00522998	      0.00000000	      0.00000000
  20590.05468750	     42.92710495	    510.72823819	      0.00535918	      0.00000000	      0.00000000
  21149.06054688	     39.15896225	    526.55027712	      0.00552494	      0.00000000	      0.00000000
  21763.96679688	     35.41055298	    544.42943901	      0.00567086	      0.00000000	      0.00000000
  22440.36328125	     31.71849442	    565.12890743	      0.00573348	      0.00000000	      0.00000000
  23184.40039062	     28.12192917	    589.05657189	      0.00573401	      0.00000000	      0.00000000
  24002.83984375	     24.65879059	    616.36475225	      0.00573406	      0.00000000	      0.00000000
  24903.12304688	     21.36375046	    647.28717705	      0.00573594	      0.00000000	      0.00000000
  25893.43554688	     18.26839447	    682.49636765	      0.00573652	      0.00000000	      0.00000000
  26982.77929688	     15.40294838	    723.06361695	      0.00573520	      0.00000000	      0.00000000
