      z[m]      p[mb]      tp[K]    q[g/kg]     u[m/s]     v[m/s]
      0.00,         64,    1009.32
     25.00000000	   1006.45428329	    297.19403312	     15.42232988	      0.00000000	      0.00000000
     75.00000000	   1000.74121872	    297.15083105	     14.89927007	      0.00000000	      0.00000000
    127.84809875	    994.72689871	    297.21488950	     14.81060812	      0.00000000	      0.00000000
    186.71687317	    988.05884604	    297.28091480	     14.72642878	      0.00000000	      0.00000000
    252.29220581	    980.67007361	    297.35289397	     14.63763386	      0.00000000	      0.00000000
    325.33816528	    972.48757553	    297.43304594	     14.50452119	      0.00000000	      0.00000000
    406.70581055	    963.43221240	    297.53336121	     14.31260938	      0.00000000	      0.00000000
    497.34317017	    953.41879187	    297.67308399	     14.02359233	      0.00000000	      0.00000000
    598.30627441	    942.35636404	    297.88282978	     13.60362989	      0.00000000	      0.00000000
    710.77154541	    930.14875092	    298.18876019	     13.05017218	      0.00000000	      0.00000000
    836.04931641	    916.69479083	    298.58779103	     12.43601951	      0.00000000	      0.00000000
    975.59924316	    901.88851340	    299.07187053	     11.82855559	      0.00000000	      0.00000000
   1131.04724121	    885.61976514	    299.64010086	     11.24098390	      0.00000000	      0.00000000
   1304.20446777	    867.77519168	    300.29580745	     10.65767140	      0.00000000	      0.00000000
   1497.08850098	    848.23961954	    301.04171151	     10.06258161	      0.00000000	      0.00000000
   1711.94665527	    826.89796799	    301.87897093	      9.44947547	      0.00000000	      0.00000000
   1951.28234863	    803.63796298	    302.81420346	      8.81898746	      0.00000000	      0.00000000
   2217.88403320	    778.35430588	    303.86994726	      8.16978094	      0.00000000	      0.00000000
   2514.85815430	    750.95413351	    305.08182059	      7.49437965	      0.00000000	      0.00000000
   2845.66479492	    721.36257788	    306.47375250	      6.78448016	      0.00000000	      0.00000000
   3214.15820312	    689.52789499	    308.05427742	      6.03970076	      0.00000000	      0.00000000
   3624.63183594	    655.42805042	    309.83528954	      5.26336696	      0.00000000	      0.00000000
   4081.86840820	    619.08097559	    311.83738020	      4.46053519	      0.00000000	      0.00000000
   4581.86816406	    581.24517010	    314.00483209	      3.66638426	      0.00000000	      0.00000000
   5081.86816406	    545.31789975	    316.05964199	      2.97805113	      0.00000000	      0.00000000
   5581.86816406	    511.20278586	    317.98692722	      2.38729421	      0.00000000	      0.00000000
   6081.86816406	    478.81656146	    319.81902649	      1.87108068	      0.00000000	      0.00000000
   6581.86816406	    448.08136502	    321.54619799	      1.42045009	      0.00000000	      0.00000000
   7081.86816406	    418.92042764	    323.10974387	      1.04418677	      0.00000000	      0.00000000
   7581.86816406	    391.25729286	    324.46511573	      0.74852282	      0.00000000	      0.00000000
   8081.86816406	    365.01945300	    325.62918536	      0.52412135	      0.00000000	      0.00000000
   8581.86816406	    340.14049805	    326.62268620	      0.35909812	      0.00000000	      0.00000000
   9081.86816406	    316.55917557	    327.45794771	      0.24089893	      0.00000000	      0.00000000
   9581.86816406	    294.21874878	    328.15445361	      0.15856539	      0.00000000	      0.00000000
  10081.86816406	    273.06726997	    328.74936623	      0.10292779	      0.00000000	      0.00000000
  10581.86816406	    253.05783782	    329.29355240	      0.06624361	      0.00000000	      0.00000000
  11081.86816406	    234.14836325	    329.84685431	      0.04239188	      0.00000000	      0.00000000
  11581.86816406	    216.30142365	    330.49073676	      0.02699748	      0.00000000	      0.00000000
  12081.86816406	    199.48522627	    331.36810571	      0.01711450	      0.00000000	      0.00000000
  12581.86816406	    183.67614945	    332.74001401	      0.01085103	      0.00000000	      0.00000000
  13081.86816406	    168.86070835	    334.97283123	      0.00709900	      0.00000000	      0.00000000
  13581.86816406	    155.03715269	    338.62627300	      0.00515099	      0.00000000	      0.00000000
  14081.86816406	    142.21453745	    344.37081708	      0.00445653	      0.00000000	      0.00000000
  14581.86816406	    130.39994637	    352.50048795	      0.00459957	      0.00000000	      0.00000000
  15081.86816406	    119.57643091	    362.53832942	      0.00540182	      0.00000000	      0.00000000
  15581.86816406	    109.69086567	    373.46962496	      0.00661459	      0.00000000	      0.00000000
  16081.86816406	    100.66226276	    384.33420626	      0.00790334	      0.00000000	      0.00000000
  16581.86718750	     92.40054171	    394.59286477	      0.00899882	      0.00000000	      0.00000000
  17081.86718750	     84.82192425	    404.17357969	      0.00976624	      0.00000000	      0.00000000
  17581.86718750	     77.85670766	    413.37452626	      0.01017953	      0.00000000	      0.00000000
  18081.86718750	     71.45128786	    422.80539777	      0.01031364	      0.00000000	      0.00000000
  18581.86718750	     65.56702694	    433.28382257	      0.01032461	      0.00000000	      0.00000000
  19081.86718750	     60.17226666	    444.93355425	      0.01031409	      0.00000000	      0.00000000
  19581.86718750	     55.23213740	    457.13043968	      0.01030925	      0.00000000	      0.00000000
  20081.86718750	     50.70714666	    469.35118271	      0.01030879	      0.00000000	      0.00000000
  20590.05468750	     46.49229441	    481.58025771	      0.01030933	      0.00000000	      0.00000000
  21149.06054688	     42.26004374	    494.87319912	      0.01031001	      0.00000000	      0.00000000
  21763.96679688	     38.04669433	    509.66637616	      0.01031046	      0.00000000	      0.00000000
  22440.36328125	     33.89314531	    526.51087914	      0.01031050	      0.00000000	      0.00000000
  23184.40039062	     29.84448243	    545.93610930	      0.01031041	      0.00000000	      0.00000000
  24002.83984375	     25.94693448	    568.27806369	      0.01031042	      0.00000000	      0.00000000
  24903.12304688	     22.24479638	    593.84640103	      0.01031043	      0.00000000	      0.00000000
  25893.43554688	     18.77893735	    623.17651309	      0.01031043	      0.00000000	      0.00000000
  26982.77929688	     15.58783955	    657.10333695	      0.01031042	      0.00000000	      0.00000000
  10000.00,         64,    1009.32
     25.00000000	   1006.45428329	    297.19403312	     15.42232988	      0.00000000	      0.00000000
     75.00000000	   1000.74121872	    297.15083105	     14.89927007	      0.00000000	      0.00000000
    127.84809875	    994.72689871	    297.21488950	     14.81060812	      0.00000000	      0.00000000
    186.71687317	    988.05884604	    297.28091480	     14.72642878	      0.00000000	      0.00000000
    252.29220581	    980.67007361	    297.35289397	     14.63763386	      0.00000000	      0.00000000
    325.33816528	    972.48757553	    297.43304594	     14.50452119	      0.00000000	      0.00000000
    406.70581055	    963.43221240	    297.53336121	     14.31260938	      0.00000000	      0.00000000
    497.34317017	    953.41879187	    297.67308399	     14.02359233	      0.00000000	      0.00000000
    598.30627441	    942.35636404	    297.88282978	     13.60362989	      0.00000000	      0.00000000
    710.77154541	    930.14875092	    298.18876019	     13.05017218	      0.00000000	      0.00000000
    836.04931641	    916.69479083	    298.58779103	     12.43601951	      0.00000000	      0.00000000
    975.59924316	    901.88851340	    299.07187053	     11.82855559	      0.00000000	      0.00000000
   1131.04724121	    885.61976514	    299.64010086	     11.24098390	      0.00000000	      0.00000000
   1304.20446777	    867.77519168	    300.29580745	     10.65767140	      0.00000000	      0.00000000
   1497.08850098	    848.23961954	    301.04171151	     10.06258161	      0.00000000	      0.00000000
   1711.94665527	    826.89796799	    301.87897093	      9.44947547	      0.00000000	      0.00000000
   1951.28234863	    803.63796298	    302.81420346	      8.81898746	      0.00000000	      0.00000000
   2217.88403320	    778.35430588	    303.86994726	      8.16978094	      0.00000000	      0.00000000
   2514.85815430	    750.95413351	    305.08182059	      7.49437965	      0.00000000	      0.00000000
   2845.66479492	    721.36257788	    306.47375250	      6.78448016	      0.00000000	      0.00000000
   3214.15820312	    689.52789499	    308.05427742	      6.03970076	      0.00000000	      0.00000000
   3624.63183594	    655.42805042	    309.83528954	      5.26336696	      0.00000000	      0.00000000
   4081.86840820	    619.08097559	    311.83738020	      4.46053519	      0.00000000	      0.00000000
   4581.86816406	    581.24517010	    314.00483209	      3.66638426	      0.00000000	      0.00000000
   5081.86816406	    545.31789975	    316.05964199	      2.97805113	      0.00000000	      0.00000000
   5581.86816406	    511.20278586	    317.98692722	      2.38729421	      0.00000000	      0.00000000
   6081.86816406	    478.81656146	    319.81902649	      1.87108068	      0.00000000	      0.00000000
   6581.86816406	    448.08136502	    321.54619799	      1.42045009	      0.00000000	      0.00000000
   7081.86816406	    418.92042764	    323.10974387	      1.04418677	      0.00000000	      0.00000000
   7581.86816406	    391.25729286	    324.46511573	      0.74852282	      0.00000000	      0.00000000
   8081.86816406	    365.01945300	    325.62918536	      0.52412135	      0.00000000	      0.00000000
   8581.86816406	    340.14049805	    326.62268620	      0.35909812	      0.00000000	      0.00000000
   9081.86816406	    316.55917557	    327.45794771	      0.24089893	      0.00000000	      0.00000000
   9581.86816406	    294.21874878	    328.15445361	      0.15856539	      0.00000000	      0.00000000
  10081.86816406	    273.06726997	    328.74936623	      0.10292779	      0.00000000	      0.00000000
  10581.86816406	    253.05783782	    329.29355240	      0.06624361	      0.00000000	      0.00000000
  11081.86816406	    234.14836325	    329.84685431	      0.04239188	      0.00000000	      0.00000000
  11581.86816406	    216.30142365	    330.49073676	      0.02699748	      0.00000000	      0.00000000
  12081.86816406	    199.48522627	    331.36810571	      0.01711450	      0.00000000	      0.00000000
  12581.86816406	    183.67614945	    332.74001401	      0.01085103	      0.00000000	      0.00000000
  13081.86816406	    168.86070835	    334.97283123	      0.00709900	      0.00000000	      0.00000000
  13581.86816406	    155.03715269	    338.62627300	      0.00515099	      0.00000000	      0.00000000
  14081.86816406	    142.21453745	    344.37081708	      0.00445653	      0.00000000	      0.00000000
  14581.86816406	    130.39994637	    352.50048795	      0.00459957	      0.00000000	      0.00000000
  15081.86816406	    119.57643091	    362.53832942	      0.00540182	      0.00000000	      0.00000000
  15581.86816406	    109.69086567	    373.46962496	      0.00661459	      0.00000000	      0.00000000
  16081.86816406	    100.66226276	    384.33420626	      0.00790334	      0.00000000	      0.00000000
  16581.86718750	     92.40054171	    394.59286477	      0.00899882	      0.00000000	      0.00000000
  17081.86718750	     84.82192425	    404.17357969	      0.00976624	      0.00000000	      0.00000000
  17581.86718750	     77.85670766	    413.37452626	      0.01017953	      0.00000000	      0.00000000
  18081.86718750	     71.45128786	    422.80539777	      0.01031364	      0.00000000	      0.00000000
  18581.86718750	     65.56702694	    433.28382257	      0.01032461	      0.00000000	      0.00000000
  19081.86718750	     60.17226666	    444.93355425	      0.01031409	      0.00000000	      0.00000000
  19581.86718750	     55.23213740	    457.13043968	      0.01030925	      0.00000000	      0.00000000
  20081.86718750	     50.70714666	    469.35118271	      0.01030879	      0.00000000	      0.00000000
  20590.05468750	     46.49229441	    481.58025771	      0.01030933	      0.00000000	      0.00000000
  21149.06054688	     42.26004374	    494.87319912	      0.01031001	      0.00000000	      0.00000000
  21763.96679688	     38.04669433	    509.66637616	      0.01031046	      0.00000000	      0.00000000
  22440.36328125	     33.89314531	    526.51087914	      0.01031050	      0.00000000	      0.00000000
  23184.40039062	     29.84448243	    545.93610930	      0.01031041	      0.00000000	      0.00000000
  24002.83984375	     25.94693448	    568.27806369	      0.01031042	      0.00000000	      0.00000000
  24903.12304688	     22.24479638	    593.84640103	      0.01031043	      0.00000000	      0.00000000
  25893.43554688	     18.77893735	    623.17651309	      0.01031043	      0.00000000	      0.00000000
  26982.77929688	     15.58783955	    657.10333695	      0.01031042	      0.00000000	      0.00000000
