      z[m]      p[mb]      tp[K]    q[g/kg]     u[m/s]     v[m/s]
      0.00,         64,    1009.32
     25.00000000	   1006.45361328	    297.19441876	     15.42067623	      0.00000000	      0.00000000
     75.00000000	   1000.74182129	    297.15099612	     14.89689064	      0.00000000	      0.00000000
    127.84809875	    994.72662354	    297.21529771	     14.80818844	      0.00000000	      0.00000000
    186.71687317	    988.05889893	    297.28156308	     14.72397614	      0.00000000	      0.00000000
    252.29220581	    980.67065430	    297.35371788	     14.63497162	      0.00000000	      0.00000000
    325.33816528	    972.48724365	    297.43408060	     14.50162601	      0.00000000	      0.00000000
    406.70581055	    963.43194580	    297.53451496	     14.30954933	      0.00000000	      0.00000000
    497.34317017	    953.41906738	    297.67417113	     14.02051735	      0.00000000	      0.00000000
    598.30627441	    942.35656738	    297.88374150	     13.60060883	      0.00000000	      0.00000000
    710.77154541	    930.14898682	    298.18944754	     13.04685402	      0.00000000	      0.00000000
    836.04931641	    916.69494629	    298.58828343	     12.43194580	      0.00000000	      0.00000000
    975.59924316	    901.88842773	    299.07202710	     11.82386017	      0.00000000	      0.00000000
   1131.04724121	    885.61968994	    299.63985578	     11.23594952	      0.00000000	      0.00000000
   1304.20446777	    867.77484131	    300.29501678	     10.65253925	      0.00000000	      0.00000000
   1497.08850098	    848.23962402	    301.04052068	     10.05751991	      0.00000000	      0.00000000
   1711.94665527	    826.89752197	    301.87771938	      9.44433880	      0.00000000	      0.00000000
   1951.28234863	    803.63726807	    302.81286522	      8.81392479	      0.00000000	      0.00000000
   2217.88403320	    778.35357666	    303.86837005	      8.16483784	      0.00000000	      0.00000000
   2514.85815430	    750.95336914	    305.08030263	      7.48926640	      0.00000000	      0.00000000
   2845.66479492	    721.36132812	    306.47252004	      6.77895260	      0.00000000	      0.00000000
   3214.15820312	    689.52655029	    308.05336833	      6.03413010	      0.00000000	      0.00000000
   3624.63183594	    655.42663574	    309.83459238	      5.25825071	      0.00000000	      0.00000000
   4081.86840820	    619.07934570	    311.83738884	      4.45612001	      0.00000000	      0.00000000
   4581.86816406	    581.24377441	    314.00653386	      3.66276360	      0.00000000	      0.00000000
   5081.86816406	    545.31665039	    316.06318230	      2.97545218	      0.00000000	      0.00000000
   5581.86816406	    511.20205688	    317.99189043	      2.38583064	      0.00000000	      0.00000000
   6081.86816406	    478.81649780	    319.82561523	      1.87041414	      0.00000000	      0.00000000
   6581.86816406	    448.08190918	    321.55479284	      1.41980135	      0.00000000	      0.00000000
   7081.86816406	    418.92184448	    323.12137253	      1.04336071	      0.00000000	      0.00000000
   7581.86816406	    391.25976562	    324.47934438	      0.74764901	      0.00000000	      0.00000000
   8081.86816406	    365.02304077	    325.64563239	      0.52342862	      0.00000000	      0.00000000
   8581.86816406	    340.14511108	    326.64162516	      0.35862368	      0.00000000	      0.00000000
   9081.86816406	    316.56488037	    327.47916338	      0.24063443	      0.00000000	      0.00000000
   9581.86816406	    294.22579956	    328.17747360	      0.15842026	      0.00000000	      0.00000000
  10081.86816406	    273.07540894	    328.77447411	      0.10283313	      0.00000000	      0.00000000
  10581.86816406	    253.06710815	    329.32084811	      0.06621652	      0.00000000	      0.00000000
  11081.86816406	    234.15873718	    329.87680518	      0.04241253	      0.00000000	      0.00000000
  11581.86816406	    216.31292725	    330.52442642	      0.02702669	      0.00000000	      0.00000000
  12081.86816406	    199.49783325	    331.40612962	      0.01713868	      0.00000000	      0.00000000
  12581.86816406	    183.68986511	    332.78222433	      0.01087683	      0.00000000	      0.00000000
  13081.86816406	    168.87544250	    335.01424449	      0.00712175	      0.00000000	      0.00000000
  13581.86816406	    155.05241394	    338.65493721	      0.00516284	      0.00000000	      0.00000000
  14081.86816406	    142.22947693	    344.37514854	      0.00445862	      0.00000000	      0.00000000
  14581.86816406	    130.41377258	    352.48236036	      0.00459335	      0.00000000	      0.00000000
  15081.86816406	    119.58876801	    362.51300397	      0.00539054	      0.00000000	      0.00000000
  15581.86816406	    109.70180511	    373.44665009	      0.00660325	      0.00000000	      0.00000000
  16081.86816406	    100.67205048	    384.30793995	      0.00789327	      0.00000000	      0.00000000
  16581.86718750	     92.40911102	    394.56084610	      0.00898925	      0.00000000	      0.00000000
  17081.86718750	     84.82944489	    404.14435935	      0.00975885	      0.00000000	      0.00000000
  17581.86718750	     77.86335754	    413.35440480	      0.01017695	      0.00000000	      0.00000000
  18081.86718750	     71.45726776	    422.78990336	      0.01031914	      0.00000000	      0.00000000
  18581.86718750	     65.57241058	    433.26458069	      0.01033381	      0.00000000	      0.00000000
  19081.86718750	     60.17711258	    444.91266344	      0.01032736	      0.00000000	      0.00000000
  19581.86718750	     55.23653412	    457.11875221	      0.01032582	      0.00000000	      0.00000000
  20081.86718750	     50.71121979	    469.35185681	      0.01032665	      0.00000000	      0.00000000
  20590.05468750	     46.49614334	    481.58527061	      0.01032852	      0.00000000	      0.00000000
  21149.06054688	     42.26366043	    494.87280348	      0.01033271	      0.00000000	      0.00000000
  21763.96679688	     38.05001068	    509.65634101	      0.01034081	      0.00000000	      0.00000000
  22440.36328125	     33.89609528	    526.49269352	      0.01035127	      0.00000000	      0.00000000
  23184.40039062	     29.84703445	    545.91602187	      0.01035867	      0.00000000	      0.00000000
  24002.83984375	     25.94912338	    568.26128924	      0.01035980	      0.00000000	      0.00000000
  24903.12304688	     22.24666595	    593.83197227	      0.01035985	      0.00000000	      0.00000000
  25893.43554688	     18.78051186	    623.16153582	      0.01035986	      0.00000000	      0.00000000
  26982.77929688	     15.58914471	    657.08768389	      0.01035957	      0.00000000	      0.00000000
  10000.00,         64,    1009.32
     25.00000000	   1006.45361328	    297.19441876	     15.42067623	      0.00000000	      0.00000000
     75.00000000	   1000.74182129	    297.15099612	     14.89689064	      0.00000000	      0.00000000
    127.84809875	    994.72662354	    297.21529771	     14.80818844	      0.00000000	      0.00000000
    186.71687317	    988.05889893	    297.28156308	     14.72397614	      0.00000000	      0.00000000
    252.29220581	    980.67065430	    297.35371788	     14.63497162	      0.00000000	      0.00000000
    325.33816528	    972.48724365	    297.43408060	     14.50162601	      0.00000000	      0.00000000
    406.70581055	    963.43194580	    297.53451496	     14.30954933	      0.00000000	      0.00000000
    497.34317017	    953.41906738	    297.67417113	     14.02051735	      0.00000000	      0.00000000
    598.30627441	    942.35656738	    297.88374150	     13.60060883	      0.00000000	      0.00000000
    710.77154541	    930.14898682	    298.18944754	     13.04685402	      0.00000000	      0.00000000
    836.04931641	    916.69494629	    298.58828343	     12.43194580	      0.00000000	      0.00000000
    975.59924316	    901.88842773	    299.07202710	     11.82386017	      0.00000000	      0.00000000
   1131.04724121	    885.61968994	    299.63985578	     11.23594952	      0.00000000	      0.00000000
   1304.20446777	    867.77484131	    300.29501678	     10.65253925	      0.00000000	      0.00000000
   1497.08850098	    848.23962402	    301.04052068	     10.05751991	      0.00000000	      0.00000000
   1711.94665527	    826.89752197	    301.87771938	      9.44433880	      0.00000000	      0.00000000
   1951.28234863	    803.63726807	    302.81286522	      8.81392479	      0.00000000	      0.00000000
   2217.88403320	    778.35357666	    303.86837005	      8.16483784	      0.00000000	      0.00000000
   2514.85815430	    750.95336914	    305.08030263	      7.48926640	      0.00000000	      0.00000000
   2845.66479492	    721.36132812	    306.47252004	      6.77895260	      0.00000000	      0.00000000
   3214.15820312	    689.52655029	    308.05336833	      6.03413010	      0.00000000	      0.00000000
   3624.63183594	    655.42663574	    309.83459238	      5.25825071	      0.00000000	      0.00000000
   4081.86840820	    619.07934570	    311.83738884	      4.45612001	      0.00000000	      0.00000000
   4581.86816406	    581.24377441	    314.00653386	      3.66276360	      0.00000000	      0.00000000
   5081.86816406	    545.31665039	    316.06318230	      2.97545218	      0.00000000	      0.00000000
   5581.86816406	    511.20205688	    317.99189043	      2.38583064	      0.00000000	      0.00000000
   6081.86816406	    478.81649780	    319.82561523	      1.87041414	      0.00000000	      0.00000000
   6581.86816406	    448.08190918	    321.55479284	      1.41980135	      0.00000000	      0.00000000
   7081.86816406	    418.92184448	    323.12137253	      1.04336071	      0.00000000	      0.00000000
   7581.86816406	    391.25976562	    324.47934438	      0.74764901	      0.00000000	      0.00000000
   8081.86816406	    365.02304077	    325.64563239	      0.52342862	      0.00000000	      0.00000000
   8581.86816406	    340.14511108	    326.64162516	      0.35862368	      0.00000000	      0.00000000
   9081.86816406	    316.56488037	    327.47916338	      0.24063443	      0.00000000	      0.00000000
   9581.86816406	    294.22579956	    328.17747360	      0.15842026	      0.00000000	      0.00000000
  10081.86816406	    273.07540894	    328.77447411	      0.10283313	      0.00000000	      0.00000000
  10581.86816406	    253.06710815	    329.32084811	      0.06621652	      0.00000000	      0.00000000
  11081.86816406	    234.15873718	    329.87680518	      0.04241253	      0.00000000	      0.00000000
  11581.86816406	    216.31292725	    330.52442642	      0.02702669	      0.00000000	      0.00000000
  12081.86816406	    199.49783325	    331.40612962	      0.01713868	      0.00000000	      0.00000000
  12581.86816406	    183.68986511	    332.78222433	      0.01087683	      0.00000000	      0.00000000
  13081.86816406	    168.87544250	    335.01424449	      0.00712175	      0.00000000	      0.00000000
  13581.86816406	    155.05241394	    338.65493721	      0.00516284	      0.00000000	      0.00000000
  14081.86816406	    142.22947693	    344.37514854	      0.00445862	      0.00000000	      0.00000000
  14581.86816406	    130.41377258	    352.48236036	      0.00459335	      0.00000000	      0.00000000
  15081.86816406	    119.58876801	    362.51300397	      0.00539054	      0.00000000	      0.00000000
  15581.86816406	    109.70180511	    373.44665009	      0.00660325	      0.00000000	      0.00000000
  16081.86816406	    100.67205048	    384.30793995	      0.00789327	      0.00000000	      0.00000000
  16581.86718750	     92.40911102	    394.56084610	      0.00898925	      0.00000000	      0.00000000
  17081.86718750	     84.82944489	    404.14435935	      0.00975885	      0.00000000	      0.00000000
  17581.86718750	     77.86335754	    413.35440480	      0.01017695	      0.00000000	      0.00000000
  18081.86718750	     71.45726776	    422.78990336	      0.01031914	      0.00000000	      0.00000000
  18581.86718750	     65.57241058	    433.26458069	      0.01033381	      0.00000000	      0.00000000
  19081.86718750	     60.17711258	    444.91266344	      0.01032736	      0.00000000	      0.00000000
  19581.86718750	     55.23653412	    457.11875221	      0.01032582	      0.00000000	      0.00000000
  20081.86718750	     50.71121979	    469.35185681	      0.01032665	      0.00000000	      0.00000000
  20590.05468750	     46.49614334	    481.58527061	      0.01032852	      0.00000000	      0.00000000
  21149.06054688	     42.26366043	    494.87280348	      0.01033271	      0.00000000	      0.00000000
  21763.96679688	     38.05001068	    509.65634101	      0.01034081	      0.00000000	      0.00000000
  22440.36328125	     33.89609528	    526.49269352	      0.01035127	      0.00000000	      0.00000000
  23184.40039062	     29.84703445	    545.91602187	      0.01035867	      0.00000000	      0.00000000
  24002.83984375	     25.94912338	    568.26128924	      0.01035980	      0.00000000	      0.00000000
  24903.12304688	     22.24666595	    593.83197227	      0.01035985	      0.00000000	      0.00000000
  25893.43554688	     18.78051186	    623.16153582	      0.01035986	      0.00000000	      0.00000000
  26982.77929688	     15.58914471	    657.08768389	      0.01035957	      0.00000000	      0.00000000
