      z[m]      p[mb]      tp[K]    q[g/kg]     u[m/s]     v[m/s]
      0.00,         64,    1009.32
     25.00000000	   1006.47637939	    299.08706933	     17.52927399	      0.00000000	      0.00000000
     75.00000000	   1000.80560303	    299.05660821	     16.97442055	      0.00000000	      0.00000000
    127.84809875	    994.83679199	    299.12440433	     16.88254929	      0.00000000	      0.00000000
    186.71687317	    988.21929932	    299.19457357	     16.79217339	      0.00000000	      0.00000000
    252.29220581	    980.88616943	    299.27077362	     16.69344139	      0.00000000	      0.00000000
    325.33816528	    972.76513672	    299.35692356	     16.54270363	      0.00000000	      0.00000000
    406.70581055	    963.77661133	    299.46663827	     16.32235527	      0.00000000	      0.00000000
    497.34317017	    953.83734131	    299.62257659	     15.98849869	      0.00000000	      0.00000000
    598.30627441	    942.85638428	    299.85805450	     15.50614738	      0.00000000	      0.00000000
    710.77154541	    930.73846436	    300.19500605	     14.88830471	      0.00000000	      0.00000000
    836.04931641	    917.38305664	    300.62432699	     14.22553730	      0.00000000	      0.00000000
    975.59924316	    902.68505859	    301.13831930	     13.57872391	      0.00000000	      0.00000000
   1131.04724121	    886.53436279	    301.73856053	     12.94993687	      0.00000000	      0.00000000
   1304.20446777	    868.81909180	    302.43131709	     12.31736183	      0.00000000	      0.00000000
   1497.08850098	    849.42352295	    303.22169307	     11.66114140	      0.00000000	      0.00000000
   1711.94665527	    828.23437500	    304.11256322	     10.97352409	      0.00000000	      0.00000000
   1951.28234863	    805.13922119	    305.10636201	     10.25617313	      0.00000000	      0.00000000
   2217.88403320	    780.03247070	    306.21185219	      9.51517105	      0.00000000	      0.00000000
   2514.85815430	    752.81945801	    307.45181648	      8.75307178	      0.00000000	      0.00000000
   2845.66479492	    723.42224121	    308.86521661	      7.96683455	      0.00000000	      0.00000000
   3214.15820312	    691.78857422	    310.48619708	      7.15056705	      0.00000000	      0.00000000
   3624.63183594	    657.89593506	    312.33052682	      6.30579329	      0.00000000	      0.00000000
   4081.86840820	    621.76123047	    314.41500494	      5.43603897	      0.00000000	      0.00000000
   4581.86816406	    584.13970947	    316.71814071	      4.56117153	      0.00000000	      0.00000000
   5081.86816406	    548.41461182	    318.99144646	      3.77564907	      0.00000000	      0.00000000
   5581.86816406	    514.49414062	    321.15509157	      3.09159279	      0.00000000	      0.00000000
   6081.86816406	    482.29354858	    323.19561562	      2.49689794	      0.00000000	      0.00000000
   6581.86816406	    451.73278809	    325.14346617	      1.96992612	      0.00000000	      0.00000000
   7081.86816406	    422.73800659	    326.99160309	      1.50442266	      0.00000000	      0.00000000
   7581.86816406	    395.23565674	    328.67868980	      1.11297011	      0.00000000	      0.00000000
   8081.86816406	    369.15261841	    330.15150536	      0.80380142	      0.00000000	      0.00000000
   8581.86816406	    344.41912842	    331.42243849	      0.56757247	      0.00000000	      0.00000000
   9081.86816406	    320.97103882	    332.51355608	      0.39217713	      0.00000000	      0.00000000
   9581.86816406	    298.74948120	    333.43853058	      0.26506174	      0.00000000	      0.00000000
  10081.86816406	    277.70007324	    334.21644323	      0.17557384	      0.00000000	      0.00000000
  10581.86816406	    257.77276611	    334.88450464	      0.11457851	      0.00000000	      0.00000000
  11081.86816406	    238.92276001	    335.49578782	      0.07410027	      0.00000000	      0.00000000
  11581.86816406	    221.10955811	    336.11246459	      0.04762971	      0.00000000	      0.00000000
  12081.86816406	    204.29763794	    336.81760078	      0.03049896	      0.00000000	      0.00000000
  12581.86816406	    188.45628357	    337.75198243	      0.01948227	      0.00000000	      0.00000000
  13081.86816406	    173.56254578	    339.16721462	      0.01246791	      0.00000000	      0.00000000
  13581.86816406	    159.60227966	    341.41744141	      0.00819440	      0.00000000	      0.00000000
  14081.86816406	    146.57110596	    344.99330760	      0.00588407	      0.00000000	      0.00000000
  14581.86816406	    134.47341919	    350.51582093	      0.00495688	      0.00000000	      0.00000000
  15081.86816406	    123.31340027	    358.34418160	      0.00494880	      0.00000000	      0.00000000
  15581.86816406	    113.07745361	    368.15199785	      0.00563962	      0.00000000	      0.00000000
  16081.86816406	    103.72066498	    379.00265937	      0.00680259	      0.00000000	      0.00000000
  16581.86718750	     95.17113495	    389.87425052	      0.00806893	      0.00000000	      0.00000000
  17081.86718750	     87.34585571	    400.15815093	      0.00912975	      0.00000000	      0.00000000
  17581.86718750	     80.16720581	    409.85189784	      0.00986170	      0.00000000	      0.00000000
  18081.86718750	     73.57274628	    419.50661284	      0.01031476	      0.00000000	      0.00000000
  18581.86718750	     67.51737976	    429.97548254	      0.01056571	      0.00000000	      0.00000000
  19081.86718750	     61.96543503	    441.43995185	      0.01063065	      0.00000000	      0.00000000
  19581.86718750	     56.87969208	    453.37533066	      0.01063038	      0.00000000	      0.00000000
  20081.86718750	     52.21970367	    465.34745254	      0.01062514	      0.00000000	      0.00000000
  20590.05468750	     47.87802124	    477.38026939	      0.01062394	      0.00000000	      0.00000000
  21149.06054688	     43.51800919	    490.53576378	      0.01062462	      0.00000000	      0.00000000
  21763.96679688	     39.17774200	    505.26057176	      0.01062623	      0.00000000	      0.00000000
  22440.36328125	     34.89993286	    522.08266105	      0.01062858	      0.00000000	      0.00000000
  23184.40039062	     30.73109055	    541.45068419	      0.01063053	      0.00000000	      0.00000000
  24002.83984375	     26.71829033	    563.63428164	      0.01063102	      0.00000000	      0.00000000
  24903.12304688	     22.90654755	    588.94168447	      0.01063106	      0.00000000	      0.00000000
  25893.43554688	     19.33766556	    617.95174939	      0.01063106	      0.00000000	      0.00000000
  26982.77929688	     16.05129814	    651.50877377	      0.01063093	      0.00000000	      0.00000000
  10000.00,         64,    1009.32
     25.00000000	   1006.47637939	    299.08706933	     17.52927399	      0.00000000	      0.00000000
     75.00000000	   1000.80560303	    299.05660821	     16.97442055	      0.00000000	      0.00000000
    127.84809875	    994.83679199	    299.12440433	     16.88254929	      0.00000000	      0.00000000
    186.71687317	    988.21929932	    299.19457357	     16.79217339	      0.00000000	      0.00000000
    252.29220581	    980.88616943	    299.27077362	     16.69344139	      0.00000000	      0.00000000
    325.33816528	    972.76513672	    299.35692356	     16.54270363	      0.00000000	      0.00000000
    406.70581055	    963.77661133	    299.46663827	     16.32235527	      0.00000000	      0.00000000
    497.34317017	    953.83734131	    299.62257659	     15.98849869	      0.00000000	      0.00000000
    598.30627441	    942.85638428	    299.85805450	     15.50614738	      0.00000000	      0.00000000
    710.77154541	    930.73846436	    300.19500605	     14.88830471	      0.00000000	      0.00000000
    836.04931641	    917.38305664	    300.62432699	     14.22553730	      0.00000000	      0.00000000
    975.59924316	    902.68505859	    301.13831930	     13.57872391	      0.00000000	      0.00000000
   1131.04724121	    886.53436279	    301.73856053	     12.94993687	      0.00000000	      0.00000000
   1304.20446777	    868.81909180	    302.43131709	     12.31736183	      0.00000000	      0.00000000
   1497.08850098	    849.42352295	    303.22169307	     11.66114140	      0.00000000	      0.00000000
   1711.94665527	    828.23437500	    304.11256322	     10.97352409	      0.00000000	      0.00000000
   1951.28234863	    805.13922119	    305.10636201	     10.25617313	      0.00000000	      0.00000000
   2217.88403320	    780.03247070	    306.21185219	      9.51517105	      0.00000000	      0.00000000
   2514.85815430	    752.81945801	    307.45181648	      8.75307178	      0.00000000	      0.00000000
   2845.66479492	    723.42224121	    308.86521661	      7.96683455	      0.00000000	      0.00000000
   3214.15820312	    691.78857422	    310.48619708	      7.15056705	      0.00000000	      0.00000000
   3624.63183594	    657.89593506	    312.33052682	      6.30579329	      0.00000000	      0.00000000
   4081.86840820	    621.76123047	    314.41500494	      5.43603897	      0.00000000	      0.00000000
   4581.86816406	    584.13970947	    316.71814071	      4.56117153	      0.00000000	      0.00000000
   5081.86816406	    548.41461182	    318.99144646	      3.77564907	      0.00000000	      0.00000000
   5581.86816406	    514.49414062	    321.15509157	      3.09159279	      0.00000000	      0.00000000
   6081.86816406	    482.29354858	    323.19561562	      2.49689794	      0.00000000	      0.00000000
   6581.86816406	    451.73278809	    325.14346617	      1.96992612	      0.00000000	      0.00000000
   7081.86816406	    422.73800659	    326.99160309	      1.50442266	      0.00000000	      0.00000000
   7581.86816406	    395.23565674	    328.67868980	      1.11297011	      0.00000000	      0.00000000
   8081.86816406	    369.15261841	    330.15150536	      0.80380142	      0.00000000	      0.00000000
   8581.86816406	    344.41912842	    331.42243849	      0.56757247	      0.00000000	      0.00000000
   9081.86816406	    320.97103882	    332.51355608	      0.39217713	      0.00000000	      0.00000000
   9581.86816406	    298.74948120	    333.43853058	      0.26506174	      0.00000000	      0.00000000
  10081.86816406	    277.70007324	    334.21644323	      0.17557384	      0.00000000	      0.00000000
  10581.86816406	    257.77276611	    334.88450464	      0.11457851	      0.00000000	      0.00000000
  11081.86816406	    238.92276001	    335.49578782	      0.07410027	      0.00000000	      0.00000000
  11581.86816406	    221.10955811	    336.11246459	      0.04762971	      0.00000000	      0.00000000
  12081.86816406	    204.29763794	    336.81760078	      0.03049896	      0.00000000	      0.00000000
  12581.86816406	    188.45628357	    337.75198243	      0.01948227	      0.00000000	      0.00000000
  13081.86816406	    173.56254578	    339.16721462	      0.01246791	      0.00000000	      0.00000000
  13581.86816406	    159.60227966	    341.41744141	      0.00819440	      0.00000000	      0.00000000
  14081.86816406	    146.57110596	    344.99330760	      0.00588407	      0.00000000	      0.00000000
  14581.86816406	    134.47341919	    350.51582093	      0.00495688	      0.00000000	      0.00000000
  15081.86816406	    123.31340027	    358.34418160	      0.00494880	      0.00000000	      0.00000000
  15581.86816406	    113.07745361	    368.15199785	      0.00563962	      0.00000000	      0.00000000
  16081.86816406	    103.72066498	    379.00265937	      0.00680259	      0.00000000	      0.00000000
  16581.86718750	     95.17113495	    389.87425052	      0.00806893	      0.00000000	      0.00000000
  17081.86718750	     87.34585571	    400.15815093	      0.00912975	      0.00000000	      0.00000000
  17581.86718750	     80.16720581	    409.85189784	      0.00986170	      0.00000000	      0.00000000
  18081.86718750	     73.57274628	    419.50661284	      0.01031476	      0.00000000	      0.00000000
  18581.86718750	     67.51737976	    429.97548254	      0.01056571	      0.00000000	      0.00000000
  19081.86718750	     61.96543503	    441.43995185	      0.01063065	      0.00000000	      0.00000000
  19581.86718750	     56.87969208	    453.37533066	      0.01063038	      0.00000000	      0.00000000
  20081.86718750	     52.21970367	    465.34745254	      0.01062514	      0.00000000	      0.00000000
  20590.05468750	     47.87802124	    477.38026939	      0.01062394	      0.00000000	      0.00000000
  21149.06054688	     43.51800919	    490.53576378	      0.01062462	      0.00000000	      0.00000000
  21763.96679688	     39.17774200	    505.26057176	      0.01062623	      0.00000000	      0.00000000
  22440.36328125	     34.89993286	    522.08266105	      0.01062858	      0.00000000	      0.00000000
  23184.40039062	     30.73109055	    541.45068419	      0.01063053	      0.00000000	      0.00000000
  24002.83984375	     26.71829033	    563.63428164	      0.01063102	      0.00000000	      0.00000000
  24903.12304688	     22.90654755	    588.94168447	      0.01063106	      0.00000000	      0.00000000
  25893.43554688	     19.33766556	    617.95174939	      0.01063106	      0.00000000	      0.00000000
  26982.77929688	     16.05129814	    651.50877377	      0.01063093	      0.00000000	      0.00000000
