      z[m]      p[mb]      tp[K]    q[g/kg]     u[m/s]     v[m/s]
      0.00,         64,    1009.32
     25.00000000	   1006.45428398	    297.19411345	     15.42236710	      0.00000000	      0.00000000
     75.00000000	   1000.74122129	    297.15090704	     14.89932364	      0.00000000	      0.00000000
    127.84809875	    994.72690291	    297.21494833	     14.81067204	      0.00000000	      0.00000000
    186.71687317	    988.05885151	    297.28097282	     14.72648984	      0.00000000	      0.00000000
    252.29220581	    980.67008098	    297.35295691	     14.63769574	      0.00000000	      0.00000000
    325.33816528	    972.48758499	    297.43310614	     14.50458474	      0.00000000	      0.00000000
    406.70581055	    963.43222395	    297.53343159	     14.31264400	      0.00000000	      0.00000000
    497.34317017	    953.41880601	    297.67317766	     14.02356160	      0.00000000	      0.00000000
    598.30627441	    942.35638132	    297.88292774	     13.60357500	      0.00000000	      0.00000000
    710.77154541	    930.14877134	    298.18883011	     13.05014593	      0.00000000	      0.00000000
    836.04931641	    916.69481335	    298.58784236	     12.43599751	      0.00000000	      0.00000000
    975.59924316	    901.88853770	    299.07192131	     11.82849787	      0.00000000	      0.00000000
   1131.04724121	    885.61979197	    299.64017458	     11.24087455	      0.00000000	      0.00000000
   1304.20446777	    867.77522214	    300.29591933	     10.65751807	      0.00000000	      0.00000000
   1497.08850098	    848.23965471	    301.04181561	     10.06245589	      0.00000000	      0.00000000
   1711.94665527	    826.89800696	    301.87902453	      9.44940804	      0.00000000	      0.00000000
   1951.28234863	    803.63800173	    302.81418336	      8.81896444	      0.00000000	      0.00000000
   2217.88403320	    778.35434016	    303.86989866	      8.16973710	      0.00000000	      0.00000000
   2514.85815430	    750.95416328	    305.08181722	      7.49427923	      0.00000000	      0.00000000
   2845.66479492	    721.36260308	    306.47371003	      6.78439208	      0.00000000	      0.00000000
   3214.15820312	    689.52791082	    308.05417393	      6.03965697	      0.00000000	      0.00000000
   3624.63183594	    655.42805371	    309.83518170	      5.26336243	      0.00000000	      0.00000000
   4081.86840820	    619.08096938	    311.83731452	      4.46055938	      0.00000000	      0.00000000
   4581.86816406	    581.24515840	    314.00478985	      3.66645063	      0.00000000	      0.00000000
   5081.86816406	    545.31788254	    316.05953575	      2.97816804	      0.00000000	      0.00000000
   5581.86816406	    511.20275457	    317.98669457	      2.38747428	      0.00000000	      0.00000000
   6081.86816406	    478.81650365	    319.81861511	      1.87131723	      0.00000000	      0.00000000
   6581.86816406	    448.08126450	    321.54553651	      1.42073665	      0.00000000	      0.00000000
   7081.86816406	    418.92026772	    323.10884641	      1.04447086	      0.00000000	      0.00000000
   7581.86816406	    391.25706302	    324.46404904	      0.74875961	      0.00000000	      0.00000000
   8081.86816406	    365.01914916	    325.62800949	      0.52428627	      0.00000000	      0.00000000
   8581.86816406	    340.14012032	    326.62141864	      0.35918142	      0.00000000	      0.00000000
   9081.86816406	    316.55872465	    327.45656806	      0.24091980	      0.00000000	      0.00000000
   9581.86816406	    294.21822362	    328.15290217	      0.15855286	      0.00000000	      0.00000000
  10081.86816406	    273.06666785	    328.74759668	      0.10290873	      0.00000000	      0.00000000
  10581.86816406	    253.05715477	    329.29151433	      0.06623071	      0.00000000	      0.00000000
  11081.86816406	    234.14759395	    329.84448090	      0.04238392	      0.00000000	      0.00000000
  11581.86816406	    216.30056255	    330.48800877	      0.02699268	      0.00000000	      0.00000000
  12081.86816406	    199.48427230	    331.36511365	      0.01711087	      0.00000000	      0.00000000
  12581.86816406	    183.67511266	    332.73706244	      0.01084819	      0.00000000	      0.00000000
  13081.86816406	    168.85961613	    334.97040272	      0.00709719	      0.00000000	      0.00000000
  13581.86816406	    155.03605319	    338.62508787	      0.00515028	      0.00000000	      0.00000000
  14081.86816406	    142.21349438	    344.37149915	      0.00445660	      0.00000000	      0.00000000
  14581.86816406	    130.39901467	    352.50279422	      0.00460017	      0.00000000	      0.00000000
  15081.86816406	    119.57562731	    362.54095152	      0.00540252	      0.00000000	      0.00000000
  15581.86816406	    109.69016563	    373.47125157	      0.00661511	      0.00000000	      0.00000000
  16081.86816406	    100.66162656	    384.33447484	      0.00790379	      0.00000000	      0.00000000
  16581.86718750	     92.39994213	    394.59247558	      0.00899942	      0.00000000	      0.00000000
  17081.86718750	     84.82135755	    404.17368057	      0.00976710	      0.00000000	      0.00000000
  17581.86718750	     77.85618505	    413.37569913	      0.01018054	      0.00000000	      0.00000000
  18081.86718750	     71.45081916	    422.80730404	      0.01031455	      0.00000000	      0.00000000
  18581.86718750	     65.56661049	    433.28557657	      0.01032544	      0.00000000	      0.00000000
  19081.86718750	     60.17189397	    444.93497462	      0.01031456	      0.00000000	      0.00000000
  19581.86718750	     55.23180364	    457.13219037	      0.01030927	      0.00000000	      0.00000000
  20081.86718750	     50.70685135	    469.35338200	      0.01030863	      0.00000000	      0.00000000
  20590.05468750	     46.49203518	    481.58232219	      0.01030911	      0.00000000	      0.00000000
  21149.06054688	     42.25981594	    494.87455458	      0.01030972	      0.00000000	      0.00000000
  21763.96679688	     38.04649067	    509.66690976	      0.01031007	      0.00000000	      0.00000000
  22440.36328125	     33.89296035	    526.51100273	      0.01030999	      0.00000000	      0.00000000
  23184.40039062	     29.84431488	    545.93636333	      0.01030982	      0.00000000	      0.00000000
  24002.83984375	     25.94678591	    568.27873424	      0.01030980	      0.00000000	      0.00000000
  24903.12304688	     22.24466853	    593.84748057	      0.01030980	      0.00000000	      0.00000000
  25893.43554688	     18.77883077	    623.17794545	      0.01030980	      0.00000000	      0.00000000
  26982.77929688	     15.58775384	    657.10517646	      0.01030981	      0.00000000	      0.00000000
  10000.00,         64,    1009.32
     25.00000000	   1006.45428398	    297.19411345	     15.42236710	      0.00000000	      0.00000000
     75.00000000	   1000.74122129	    297.15090704	     14.89932364	      0.00000000	      0.00000000
    127.84809875	    994.72690291	    297.21494833	     14.81067204	      0.00000000	      0.00000000
    186.71687317	    988.05885151	    297.28097282	     14.72648984	      0.00000000	      0.00000000
    252.29220581	    980.67008098	    297.35295691	     14.63769574	      0.00000000	      0.00000000
    325.33816528	    972.48758499	    297.43310614	     14.50458474	      0.00000000	      0.00000000
    406.70581055	    963.43222395	    297.53343159	     14.31264400	      0.00000000	      0.00000000
    497.34317017	    953.41880601	    297.67317766	     14.02356160	      0.00000000	      0.00000000
    598.30627441	    942.35638132	    297.88292774	     13.60357500	      0.00000000	      0.00000000
    710.77154541	    930.14877134	    298.18883011	     13.05014593	      0.00000000	      0.00000000
    836.04931641	    916.69481335	    298.58784236	     12.43599751	      0.00000000	      0.00000000
    975.59924316	    901.88853770	    299.07192131	     11.82849787	      0.00000000	      0.00000000
   1131.04724121	    885.61979197	    299.64017458	     11.24087455	      0.00000000	      0.00000000
   1304.20446777	    867.77522214	    300.29591933	     10.65751807	      0.00000000	      0.00000000
   1497.08850098	    848.23965471	    301.04181561	     10.06245589	      0.00000000	      0.00000000
   1711.94665527	    826.89800696	    301.87902453	      9.44940804	      0.00000000	      0.00000000
   1951.28234863	    803.63800173	    302.81418336	      8.81896444	      0.00000000	      0.00000000
   2217.88403320	    778.35434016	    303.86989866	      8.16973710	      0.00000000	      0.00000000
   2514.85815430	    750.95416328	    305.08181722	      7.49427923	      0.00000000	      0.00000000
   2845.66479492	    721.36260308	    306.47371003	      6.78439208	      0.00000000	      0.00000000
   3214.15820312	    689.52791082	    308.05417393	      6.03965697	      0.00000000	      0.00000000
   3624.63183594	    655.42805371	    309.83518170	      5.26336243	      0.00000000	      0.00000000
   4081.86840820	    619.08096938	    311.83731452	      4.46055938	      0.00000000	      0.00000000
   4581.86816406	    581.24515840	    314.00478985	      3.66645063	      0.00000000	      0.00000000
   5081.86816406	    545.31788254	    316.05953575	      2.97816804	      0.00000000	      0.00000000
   5581.86816406	    511.20275457	    317.98669457	      2.38747428	      0.00000000	      0.00000000
   6081.86816406	    478.81650365	    319.81861511	      1.87131723	      0.00000000	      0.00000000
   6581.86816406	    448.08126450	    321.54553651	      1.42073665	      0.00000000	      0.00000000
   7081.86816406	    418.92026772	    323.10884641	      1.04447086	      0.00000000	      0.00000000
   7581.86816406	    391.25706302	    324.46404904	      0.74875961	      0.00000000	      0.00000000
   8081.86816406	    365.01914916	    325.62800949	      0.52428627	      0.00000000	      0.00000000
   8581.86816406	    340.14012032	    326.62141864	      0.35918142	      0.00000000	      0.00000000
   9081.86816406	    316.55872465	    327.45656806	      0.24091980	      0.00000000	      0.00000000
   9581.86816406	    294.21822362	    328.15290217	      0.15855286	      0.00000000	      0.00000000
  10081.86816406	    273.06666785	    328.74759668	      0.10290873	      0.00000000	      0.00000000
  10581.86816406	    253.05715477	    329.29151433	      0.06623071	      0.00000000	      0.00000000
  11081.86816406	    234.14759395	    329.84448090	      0.04238392	      0.00000000	      0.00000000
  11581.86816406	    216.30056255	    330.48800877	      0.02699268	      0.00000000	      0.00000000
  12081.86816406	    199.48427230	    331.36511365	      0.01711087	      0.00000000	      0.00000000
  12581.86816406	    183.67511266	    332.73706244	      0.01084819	      0.00000000	      0.00000000
  13081.86816406	    168.85961613	    334.97040272	      0.00709719	      0.00000000	      0.00000000
  13581.86816406	    155.03605319	    338.62508787	      0.00515028	      0.00000000	      0.00000000
  14081.86816406	    142.21349438	    344.37149915	      0.00445660	      0.00000000	      0.00000000
  14581.86816406	    130.39901467	    352.50279422	      0.00460017	      0.00000000	      0.00000000
  15081.86816406	    119.57562731	    362.54095152	      0.00540252	      0.00000000	      0.00000000
  15581.86816406	    109.69016563	    373.47125157	      0.00661511	      0.00000000	      0.00000000
  16081.86816406	    100.66162656	    384.33447484	      0.00790379	      0.00000000	      0.00000000
  16581.86718750	     92.39994213	    394.59247558	      0.00899942	      0.00000000	      0.00000000
  17081.86718750	     84.82135755	    404.17368057	      0.00976710	      0.00000000	      0.00000000
  17581.86718750	     77.85618505	    413.37569913	      0.01018054	      0.00000000	      0.00000000
  18081.86718750	     71.45081916	    422.80730404	      0.01031455	      0.00000000	      0.00000000
  18581.86718750	     65.56661049	    433.28557657	      0.01032544	      0.00000000	      0.00000000
  19081.86718750	     60.17189397	    444.93497462	      0.01031456	      0.00000000	      0.00000000
  19581.86718750	     55.23180364	    457.13219037	      0.01030927	      0.00000000	      0.00000000
  20081.86718750	     50.70685135	    469.35338200	      0.01030863	      0.00000000	      0.00000000
  20590.05468750	     46.49203518	    481.58232219	      0.01030911	      0.00000000	      0.00000000
  21149.06054688	     42.25981594	    494.87455458	      0.01030972	      0.00000000	      0.00000000
  21763.96679688	     38.04649067	    509.66690976	      0.01031007	      0.00000000	      0.00000000
  22440.36328125	     33.89296035	    526.51100273	      0.01030999	      0.00000000	      0.00000000
  23184.40039062	     29.84431488	    545.93636333	      0.01030982	      0.00000000	      0.00000000
  24002.83984375	     25.94678591	    568.27873424	      0.01030980	      0.00000000	      0.00000000
  24903.12304688	     22.24466853	    593.84748057	      0.01030980	      0.00000000	      0.00000000
  25893.43554688	     18.77883077	    623.17794545	      0.01030980	      0.00000000	      0.00000000
  26982.77929688	     15.58775384	    657.10517646	      0.01030981	      0.00000000	      0.00000000
