      z[m]      p[mb]      tp[K]    q[g/kg]     u[m/s]     v[m/s]
      0.00,         28,    1009.32
     66.35856628	   1001.72412109	    297.39981226	     15.02394390	      0.00000000	      0.00000000
    212.21609497	    985.18695068	    297.49448854	     14.43327713	      0.00000000	      0.00000000
    383.95980835	    965.97100830	    297.74538790	     14.05121803	      0.00000000	      0.00000000
    580.98242188	    944.27380371	    298.12471147	     13.37138176	      0.00000000	      0.00000000
    802.94232178	    920.27813721	    298.75419227	     12.35059452	      0.00000000	      0.00000000
   1049.62597656	    894.17187500	    299.61887218	     11.27500534	      0.00000000	      0.00000000
   1320.76403809	    866.15252686	    300.66953600	     10.29312611	      0.00000000	      0.00000000
   1716.45898438	    826.50897217	    302.28575137	      9.11593533	      0.00000000	      0.00000000
   2333.58300781	    767.62591553	    304.93853202	      7.53664970	      0.00000000	      0.00000000
   3163.64599609	    693.89782715	    308.59302030	      5.72814512	      0.00000000	      0.00000000
   4195.30810547	    610.46600342	    313.09420715	      3.92741251	      0.00000000	      0.00000000
   5398.39013672	    523.73455811	    318.09834575	      2.35452795	      0.00000000	      0.00000000
   6655.89111328	    444.03094482	    322.70719819	      1.22286010	      0.00000000	      0.00000000
   7873.84082031	    376.28283691	    326.23369507	      0.55277908	      0.00000000	      0.00000000
   9050.42382812	    318.65167236	    328.58179268	      0.22200745	      0.00000000	      0.00000000
  10184.29003906	    269.62185669	    330.02854623	      0.08802126	      0.00000000	      0.00000000
  11275.59960938	    227.91857910	    331.23955656	      0.03723326	      0.00000000	      0.00000000
  12329.95019531	    192.38504028	    333.45587378	      0.01536971	      0.00000000	      0.00000000
  13348.45996094	    162.33462524	    339.18289471	      0.00728084	      0.00000000	      0.00000000
  14344.48046875	    136.95759583	    350.90076354	      0.00590251	      0.00000000	      0.00000000
  15342.76953125	    115.37265015	    369.19100601	      0.00745604	      0.00000000	      0.00000000
  16352.05957031	     97.08516693	    390.91608398	      0.01109182	      0.00000000	      0.00000000
  17380.08984375	     81.49156952	    412.31130285	      0.01443992	      0.00000000	      0.00000000
  18683.19921875	     65.21145630	    437.11119948	      0.01568796	      0.00000000	      0.00000000
  20526.05078125	     47.40503311	    471.99556561	      0.01411944	      0.00000000	      0.00000000
  22972.43945312	     30.81065178	    524.37378003	      0.01276222	      0.00000000	      0.00000000
  26213.09960938	     17.20109367	    606.58716498	      0.01235406	      0.00000000	      0.00000000
  30354.50000000	      8.05351257	    733.13736690	      0.00995060	      0.00000000	      0.00000000
  10000.00,         28,    1009.32
     66.35856628	   1001.72412109	    297.39981226	     15.02394390	      0.00000000	      0.00000000
    212.21609497	    985.18695068	    297.49448854	     14.43327713	      0.00000000	      0.00000000
    383.95980835	    965.97100830	    297.74538790	     14.05121803	      0.00000000	      0.00000000
    580.98242188	    944.27380371	    298.12471147	     13.37138176	      0.00000000	      0.00000000
    802.94232178	    920.27813721	    298.75419227	     12.35059452	      0.00000000	      0.00000000
   1049.62597656	    894.17187500	    299.61887218	     11.27500534	      0.00000000	      0.00000000
   1320.76403809	    866.15252686	    300.66953600	     10.29312611	      0.00000000	      0.00000000
   1716.45898438	    826.50897217	    302.28575137	      9.11593533	      0.00000000	      0.00000000
   2333.58300781	    767.62591553	    304.93853202	      7.53664970	      0.00000000	      0.00000000
   3163.64599609	    693.89782715	    308.59302030	      5.72814512	      0.00000000	      0.00000000
   4195.30810547	    610.46600342	    313.09420715	      3.92741251	      0.00000000	      0.00000000
   5398.39013672	    523.73455811	    318.09834575	      2.35452795	      0.00000000	      0.00000000
   6655.89111328	    444.03094482	    322.70719819	      1.22286010	      0.00000000	      0.00000000
   7873.84082031	    376.28283691	    326.23369507	      0.55277908	      0.00000000	      0.00000000
   9050.42382812	    318.65167236	    328.58179268	      0.22200745	      0.00000000	      0.00000000
  10184.29003906	    269.62185669	    330.02854623	      0.08802126	      0.00000000	      0.00000000
  11275.59960938	    227.91857910	    331.23955656	      0.03723326	      0.00000000	      0.00000000
  12329.95019531	    192.38504028	    333.45587378	      0.01536971	      0.00000000	      0.00000000
  13348.45996094	    162.33462524	    339.18289471	      0.00728084	      0.00000000	      0.00000000
  14344.48046875	    136.95759583	    350.90076354	      0.00590251	      0.00000000	      0.00000000
  15342.76953125	    115.37265015	    369.19100601	      0.00745604	      0.00000000	      0.00000000
  16352.05957031	     97.08516693	    390.91608398	      0.01109182	      0.00000000	      0.00000000
  17380.08984375	     81.49156952	    412.31130285	      0.01443992	      0.00000000	      0.00000000
  18683.19921875	     65.21145630	    437.11119948	      0.01568796	      0.00000000	      0.00000000
  20526.05078125	     47.40503311	    471.99556561	      0.01411944	      0.00000000	      0.00000000
  22972.43945312	     30.81065178	    524.37378003	      0.01276222	      0.00000000	      0.00000000
  26213.09960938	     17.20109367	    606.58716498	      0.01235406	      0.00000000	      0.00000000
  30354.50000000	      8.05351257	    733.13736690	      0.00995060	      0.00000000	      0.00000000
