      z[m]      p[mb]      tp[K]    q[g/kg]     u[m/s]     v[m/s]
      0.00,         64,    1009.32
     25.00000000	   1006.41989154	    294.27462953	     12.00904162	      0.00000000	      0.00000000
     75.00000000	   1000.63827820	    294.18945460	     11.59454345	      0.00000000	      0.00000000
    127.84809875	    994.55172171	    294.23725459	     11.51880648	      0.00000000	      0.00000000
    186.71687317	    987.80367627	    294.28809666	     11.45591630	      0.00000000	      0.00000000
    252.29220581	    980.32646945	    294.34413984	     11.39732652	      0.00000000	      0.00000000
    325.33816528	    972.04631277	    294.40257964	     11.31627633	      0.00000000	      0.00000000
    406.70581055	    962.88314520	    294.47047811	     11.20638337	      0.00000000	      0.00000000
    497.34317017	    952.75063193	    294.55775409	     11.04526139	      0.00000000	      0.00000000
    598.30627441	    941.55624991	    294.68299347	     10.80544961	      0.00000000	      0.00000000
    710.77154541	    929.20183987	    294.87858323	     10.44824169	      0.00000000	      0.00000000
    836.04931641	    915.58455301	    295.17993906	      9.96003380	      0.00000000	      0.00000000
    975.59924316	    900.59745178	    295.59042205	      9.40119063	      0.00000000	      0.00000000
   1131.04724121	    884.12976089	    296.09608796	      8.84850047	      0.00000000	      0.00000000
   1304.20446777	    866.06743753	    296.68398684	      8.32946483	      0.00000000	      0.00000000
   1497.08850098	    846.29449850	    297.35249497	      7.83473225	      0.00000000	      0.00000000
   1711.94665527	    824.69558221	    298.11661221	      7.34232082	      0.00000000	      0.00000000
   1951.28234863	    801.15947202	    299.00000601	      6.82974313	      0.00000000	      0.00000000
   2217.88403320	    775.58289679	    300.01918726	      6.28503460	      0.00000000	      0.00000000
   2514.85815430	    747.87435580	    301.18082730	      5.70632268	      0.00000000	      0.00000000
   2845.66479492	    717.95906647	    302.49228608	      5.09389953	      0.00000000	      0.00000000
   3214.15820312	    685.78563058	    303.97124694	      4.44582160	      0.00000000	      0.00000000
   3624.63183594	    651.33351889	    305.62768683	      3.76745205	      0.00000000	      0.00000000
   4081.86840820	    614.61977808	    307.41893117	      3.08794105	      0.00000000	      0.00000000
   4581.86816406	    576.40320050	    309.23794059	      2.45349708	      0.00000000	      0.00000000
   5081.86816406	    540.11120868	    310.94250742	      1.91208981	      0.00000000	      0.00000000
   5581.86816406	    505.65071696	    312.55366127	      1.44851153	      0.00000000	      0.00000000
   6081.86816406	    472.93929247	    314.02457044	      1.06286815	      0.00000000	      0.00000000
   6581.86816406	    441.89412711	    315.29949661	      0.75880191	      0.00000000	      0.00000000
   7081.86816406	    412.43555887	    316.38838666	      0.52758246	      0.00000000	      0.00000000
   7581.86816406	    384.49042284	    317.31342746	      0.35859502	      0.00000000	      0.00000000
   8081.86816406	    357.99130168	    318.08623912	      0.23951770	      0.00000000	      0.00000000
   8581.86816406	    332.87551443	    318.72094539	      0.15797185	      0.00000000	      0.00000000
   9081.86816406	    309.08527486	    319.24744079	      0.10323405	      0.00000000	      0.00000000
   9581.86816406	    286.56809363	    319.70979976	      0.06691339	      0.00000000	      0.00000000
  10081.86816406	    265.27662520	    320.15930887	      0.04298963	      0.00000000	      0.00000000
  10581.86816406	    245.16832423	    320.66009801	      0.02738301	      0.00000000	      0.00000000
  11081.86816406	    226.20603648	    321.32029045	      0.01728438	      0.00000000	      0.00000000
  11581.86816406	    208.36055961	    322.35203540	      0.01082170	      0.00000000	      0.00000000
  12081.86816406	    191.61434086	    324.11278542	      0.00688690	      0.00000000	      0.00000000
  12581.86816406	    175.96472343	    327.14916396	      0.00478683	      0.00000000	      0.00000000
  13081.86816406	    161.42428814	    332.17615956	      0.00395799	      0.00000000	      0.00000000
  13581.86816406	    148.00772225	    339.58786489	      0.00394476	      0.00000000	      0.00000000
  14081.86816406	    135.70505016	    349.00022770	      0.00452001	      0.00000000	      0.00000000
  14581.86816406	    124.46515258	    359.49788721	      0.00550464	      0.00000000	      0.00000000
  15081.86816406	    114.20435217	    370.24208162	      0.00665160	      0.00000000	      0.00000000
  15581.86816406	    104.82692504	    380.74140759	      0.00775996	      0.00000000	      0.00000000
  16081.86816406	     96.24064793	    390.80711476	      0.00871788	      0.00000000	      0.00000000
  16581.86718750	     88.36362395	    400.42755410	      0.00946091	      0.00000000	      0.00000000
  17081.86718750	     81.12558689	    409.69202668	      0.00992811	      0.00000000	      0.00000000
  17581.86718750	     74.46788529	    418.84573205	      0.01008872	      0.00000000	      0.00000000
  18081.86718750	     68.34381154	    428.40253829	      0.01009366	      0.00000000	      0.00000000
  18581.86718750	     62.71841488	    439.10874802	      0.01008298	      0.00000000	      0.00000000
  19081.86718750	     57.56158792	    450.96397081	      0.01007999	      0.00000000	      0.00000000
  19581.86718750	     52.83893211	    463.23562914	      0.01008146	      0.00000000	      0.00000000
  20081.86718750	     48.51168632	    475.42499505	      0.01008503	      0.00000000	      0.00000000
  20590.05468750	     44.47944593	    487.64298594	      0.01009003	      0.00000000	      0.00000000
  21149.06054688	     40.42963038	    501.04106444	      0.01009600	      0.00000000	      0.00000000
  21763.96679688	     36.39787874	    516.06057755	      0.01010164	      0.00000000	      0.00000000
  22440.36328125	     32.42384643	    533.19098843	      0.01010547	      0.00000000	      0.00000000
  23184.40039062	     28.55061420	    552.90575992	      0.01010732	      0.00000000	      0.00000000
  24002.83984375	     24.82208645	    575.52994711	      0.01010781	      0.00000000	      0.00000000
  24903.12304688	     21.28044472	    601.41167964	      0.01010789	      0.00000000	      0.00000000
  25893.43554688	     17.96480315	    631.11462068	      0.01010791	      0.00000000	      0.00000000
  26982.77929688	     14.91201464	    665.47272668	      0.01010775	      0.00000000	      0.00000000
  10000.00,         64,    1009.32
     25.00000000	   1006.41989154	    294.27462953	     12.00904162	      0.00000000	      0.00000000
     75.00000000	   1000.63827820	    294.18945460	     11.59454345	      0.00000000	      0.00000000
    127.84809875	    994.55172171	    294.23725459	     11.51880648	      0.00000000	      0.00000000
    186.71687317	    987.80367627	    294.28809666	     11.45591630	      0.00000000	      0.00000000
    252.29220581	    980.32646945	    294.34413984	     11.39732652	      0.00000000	      0.00000000
    325.33816528	    972.04631277	    294.40257964	     11.31627633	      0.00000000	      0.00000000
    406.70581055	    962.88314520	    294.47047811	     11.20638337	      0.00000000	      0.00000000
    497.34317017	    952.75063193	    294.55775409	     11.04526139	      0.00000000	      0.00000000
    598.30627441	    941.55624991	    294.68299347	     10.80544961	      0.00000000	      0.00000000
    710.77154541	    929.20183987	    294.87858323	     10.44824169	      0.00000000	      0.00000000
    836.04931641	    915.58455301	    295.17993906	      9.96003380	      0.00000000	      0.00000000
    975.59924316	    900.59745178	    295.59042205	      9.40119063	      0.00000000	      0.00000000
   1131.04724121	    884.12976089	    296.09608796	      8.84850047	      0.00000000	      0.00000000
   1304.20446777	    866.06743753	    296.68398684	      8.32946483	      0.00000000	      0.00000000
   1497.08850098	    846.29449850	    297.35249497	      7.83473225	      0.00000000	      0.00000000
   1711.94665527	    824.69558221	    298.11661221	      7.34232082	      0.00000000	      0.00000000
   1951.28234863	    801.15947202	    299.00000601	      6.82974313	      0.00000000	      0.00000000
   2217.88403320	    775.58289679	    300.01918726	      6.28503460	      0.00000000	      0.00000000
   2514.85815430	    747.87435580	    301.18082730	      5.70632268	      0.00000000	      0.00000000
   2845.66479492	    717.95906647	    302.49228608	      5.09389953	      0.00000000	      0.00000000
   3214.15820312	    685.78563058	    303.97124694	      4.44582160	      0.00000000	      0.00000000
   3624.63183594	    651.33351889	    305.62768683	      3.76745205	      0.00000000	      0.00000000
   4081.86840820	    614.61977808	    307.41893117	      3.08794105	      0.00000000	      0.00000000
   4581.86816406	    576.40320050	    309.23794059	      2.45349708	      0.00000000	      0.00000000
   5081.86816406	    540.11120868	    310.94250742	      1.91208981	      0.00000000	      0.00000000
   5581.86816406	    505.65071696	    312.55366127	      1.44851153	      0.00000000	      0.00000000
   6081.86816406	    472.93929247	    314.02457044	      1.06286815	      0.00000000	      0.00000000
   6581.86816406	    441.89412711	    315.29949661	      0.75880191	      0.00000000	      0.00000000
   7081.86816406	    412.43555887	    316.38838666	      0.52758246	      0.00000000	      0.00000000
   7581.86816406	    384.49042284	    317.31342746	      0.35859502	      0.00000000	      0.00000000
   8081.86816406	    357.99130168	    318.08623912	      0.23951770	      0.00000000	      0.00000000
   8581.86816406	    332.87551443	    318.72094539	      0.15797185	      0.00000000	      0.00000000
   9081.86816406	    309.08527486	    319.24744079	      0.10323405	      0.00000000	      0.00000000
   9581.86816406	    286.56809363	    319.70979976	      0.06691339	      0.00000000	      0.00000000
  10081.86816406	    265.27662520	    320.15930887	      0.04298963	      0.00000000	      0.00000000
  10581.86816406	    245.16832423	    320.66009801	      0.02738301	      0.00000000	      0.00000000
  11081.86816406	    226.20603648	    321.32029045	      0.01728438	      0.00000000	      0.00000000
  11581.86816406	    208.36055961	    322.35203540	      0.01082170	      0.00000000	      0.00000000
  12081.86816406	    191.61434086	    324.11278542	      0.00688690	      0.00000000	      0.00000000
  12581.86816406	    175.96472343	    327.14916396	      0.00478683	      0.00000000	      0.00000000
  13081.86816406	    161.42428814	    332.17615956	      0.00395799	      0.00000000	      0.00000000
  13581.86816406	    148.00772225	    339.58786489	      0.00394476	      0.00000000	      0.00000000
  14081.86816406	    135.70505016	    349.00022770	      0.00452001	      0.00000000	      0.00000000
  14581.86816406	    124.46515258	    359.49788721	      0.00550464	      0.00000000	      0.00000000
  15081.86816406	    114.20435217	    370.24208162	      0.00665160	      0.00000000	      0.00000000
  15581.86816406	    104.82692504	    380.74140759	      0.00775996	      0.00000000	      0.00000000
  16081.86816406	     96.24064793	    390.80711476	      0.00871788	      0.00000000	      0.00000000
  16581.86718750	     88.36362395	    400.42755410	      0.00946091	      0.00000000	      0.00000000
  17081.86718750	     81.12558689	    409.69202668	      0.00992811	      0.00000000	      0.00000000
  17581.86718750	     74.46788529	    418.84573205	      0.01008872	      0.00000000	      0.00000000
  18081.86718750	     68.34381154	    428.40253829	      0.01009366	      0.00000000	      0.00000000
  18581.86718750	     62.71841488	    439.10874802	      0.01008298	      0.00000000	      0.00000000
  19081.86718750	     57.56158792	    450.96397081	      0.01007999	      0.00000000	      0.00000000
  19581.86718750	     52.83893211	    463.23562914	      0.01008146	      0.00000000	      0.00000000
  20081.86718750	     48.51168632	    475.42499505	      0.01008503	      0.00000000	      0.00000000
  20590.05468750	     44.47944593	    487.64298594	      0.01009003	      0.00000000	      0.00000000
  21149.06054688	     40.42963038	    501.04106444	      0.01009600	      0.00000000	      0.00000000
  21763.96679688	     36.39787874	    516.06057755	      0.01010164	      0.00000000	      0.00000000
  22440.36328125	     32.42384643	    533.19098843	      0.01010547	      0.00000000	      0.00000000
  23184.40039062	     28.55061420	    552.90575992	      0.01010732	      0.00000000	      0.00000000
  24002.83984375	     24.82208645	    575.52994711	      0.01010781	      0.00000000	      0.00000000
  24903.12304688	     21.28044472	    601.41167964	      0.01010789	      0.00000000	      0.00000000
  25893.43554688	     17.96480315	    631.11462068	      0.01010791	      0.00000000	      0.00000000
  26982.77929688	     14.91201464	    665.47272668	      0.01010775	      0.00000000	      0.00000000
