      z[m]      p[mb]      tp[K]    q[g/kg]     u[m/s]     v[m/s]
      0.00,         64,    1009.32
     25.00000000	   1006.41983276	    294.27027897	     11.99965471	      0.00000000	      0.00000000
     75.00000000	   1000.63809546	    294.18466950	     11.58444252	      0.00000000	      0.00000000
    127.84809875	    994.55140000	    294.23237548	     11.50723956	      0.00000000	      0.00000000
    186.71687317	    987.80319744	    294.28331919	     11.44322206	      0.00000000	      0.00000000
    252.29220581	    980.32581411	    294.33952116	     11.38377149	      0.00000000	      0.00000000
    325.33816528	    972.04546360	    294.39808759	     11.30223259	      0.00000000	      0.00000000
    406.70581055	    962.88208640	    294.46601994	     11.19214968	      0.00000000	      0.00000000
    497.34317017	    952.74933774	    294.55313824	     11.03130654	      0.00000000	      0.00000000
    598.30627441	    941.55469109	    294.67783395	     10.79254914	      0.00000000	      0.00000000
    710.77154541	    929.19996636	    294.87218972	     10.43737475	      0.00000000	      0.00000000
    836.04931641	    915.58228589	    295.17181469	      9.95151646	      0.00000000	      0.00000000
    975.59924316	    900.59469043	    295.58069761	      9.39419261	      0.00000000	      0.00000000
   1131.04724121	    884.12639785	    296.08519152	      8.84213154	      0.00000000	      0.00000000
   1304.20446777	    866.06337705	    296.67247431	      8.32317144	      0.00000000	      0.00000000
   1497.08850098	    846.28965957	    297.34068013	      7.82832612	      0.00000000	      0.00000000
   1711.94665527	    824.68989170	    298.10469660	      7.33565291	      0.00000000	      0.00000000
   1951.28234863	    801.15287285	    298.98809121	      6.82281307	      0.00000000	      0.00000000
   2217.88403320	    775.57533203	    300.00723610	      6.27783849	      0.00000000	      0.00000000
   2514.85815430	    747.86577007	    301.16871493	      5.69893238	      0.00000000	      0.00000000
   2845.66479492	    717.94938804	    302.47972021	      5.08628113	      0.00000000	      0.00000000
   3214.15820312	    685.77475471	    303.95781479	      4.43773659	      0.00000000	      0.00000000
   3624.63183594	    651.32128582	    305.61277303	      3.75841348	      0.00000000	      0.00000000
   4081.86840820	    614.60596248	    307.40206200	      3.07741434	      0.00000000	      0.00000000
   4581.86816406	    576.38760598	    309.21954893	      2.44103531	      0.00000000	      0.00000000
   5081.86816406	    540.09386750	    310.92298966	      1.89801840	      0.00000000	      0.00000000
   5581.86816406	    505.63170106	    312.53278916	      1.43394441	      0.00000000	      0.00000000
   6081.86816406	    472.91867041	    314.00186641	      1.04932236	      0.00000000	      0.00000000
   6581.86816406	    441.87194882	    315.27438441	      0.74725242	      0.00000000	      0.00000000
   7081.86816406	    412.41185355	    316.36049440	      0.51826460	      0.00000000	      0.00000000
   7581.86816406	    384.46519329	    317.28208337	      0.35158921	      0.00000000	      0.00000000
   8081.86816406	    357.96452203	    318.05090571	      0.23471134	      0.00000000	      0.00000000
   8581.86816406	    332.84715804	    318.68150978	      0.15503809	      0.00000000	      0.00000000
   9081.86816406	    309.05534840	    319.20430512	      0.10164576	      0.00000000	      0.00000000
   9581.86816406	    286.53666265	    319.66374371	      0.06610626	      0.00000000	      0.00000000
  10081.86816406	    265.24382731	    320.11135427	      0.04256163	      0.00000000	      0.00000000
  10581.86816406	    245.13437316	    320.61159718	      0.02714116	      0.00000000	      0.00000000
  11081.86816406	    226.17123942	    321.27334555	      0.01715114	      0.00000000	      0.00000000
  11581.86816406	    208.32536302	    322.31052216	      0.01075451	      0.00000000	      0.00000000
  12081.86816406	    191.57939961	    324.08312566	      0.00685419	      0.00000000	      0.00000000
  12581.86816406	    175.93099833	    327.14248202	      0.00477449	      0.00000000	      0.00000000
  13081.86816406	    161.39304299	    332.20475583	      0.00396146	      0.00000000	      0.00000000
  13581.86816406	    147.98013685	    339.65173909	      0.00395873	      0.00000000	      0.00000000
  14081.86816406	    135.68159641	    349.07949188	      0.00454183	      0.00000000	      0.00000000
  14581.86816406	    124.44531577	    359.56233787	      0.00552521	      0.00000000	      0.00000000
  15081.86816406	    114.18693678	    370.26796159	      0.00666011	      0.00000000	      0.00000000
  15581.86816406	    104.81065200	    380.72388966	      0.00775067	      0.00000000	      0.00000000
  16081.86816406	     96.22466849	    390.76227201	      0.00869181	      0.00000000	      0.00000000
  16581.86718750	     88.34775977	    400.38662258	      0.00942421	      0.00000000	      0.00000000
  17081.86718750	     81.11026986	    409.68825640	      0.00988798	      0.00000000	      0.00000000
  17581.86718750	     74.45381047	    418.89300538	      0.01004909	      0.00000000	      0.00000000
  18081.86718750	     68.33146317	    428.48286297	      0.01005486	      0.00000000	      0.00000000
  18581.86718750	     62.70786254	    439.19766902	      0.01004458	      0.00000000	      0.00000000
  19081.86718750	     57.55265694	    451.05233392	      0.01004149	      0.00000000	      0.00000000
  19581.86718750	     52.83142841	    463.32671028	      0.01004343	      0.00000000	      0.00000000
  20081.86718750	     48.50541981	    475.51144451	      0.01004806	      0.00000000	      0.00000000
  20590.05468750	     44.47414765	    487.70213967	      0.01005492	      0.00000000	      0.00000000
  21149.06054688	     40.42497629	    501.05596894	      0.01006402	      0.00000000	      0.00000000
  21763.96679688	     36.39355347	    516.04332709	      0.01007369	      0.00000000	      0.00000000
  22440.36328125	     32.41971218	    533.16646840	      0.01008089	      0.00000000	      0.00000000
  23184.40039062	     28.54671829	    552.89520017	      0.01008422	      0.00000000	      0.00000000
  24002.83984375	     24.81856166	    575.54119847	      0.01008494	      0.00000000	      0.00000000
  24903.12304688	     21.27739973	    601.44046525	      0.01008506	      0.00000000	      0.00000000
  25893.43554688	     17.96227328	    631.15252830	      0.01008508	      0.00000000	      0.00000000
  26982.77929688	     14.90998925	    665.52115348	      0.01008485	      0.00000000	      0.00000000
  10000.00,         64,    1009.32
     25.00000000	   1006.41983276	    294.27027897	     11.99965471	      0.00000000	      0.00000000
     75.00000000	   1000.63809546	    294.18466950	     11.58444252	      0.00000000	      0.00000000
    127.84809875	    994.55140000	    294.23237548	     11.50723956	      0.00000000	      0.00000000
    186.71687317	    987.80319744	    294.28331919	     11.44322206	      0.00000000	      0.00000000
    252.29220581	    980.32581411	    294.33952116	     11.38377149	      0.00000000	      0.00000000
    325.33816528	    972.04546360	    294.39808759	     11.30223259	      0.00000000	      0.00000000
    406.70581055	    962.88208640	    294.46601994	     11.19214968	      0.00000000	      0.00000000
    497.34317017	    952.74933774	    294.55313824	     11.03130654	      0.00000000	      0.00000000
    598.30627441	    941.55469109	    294.67783395	     10.79254914	      0.00000000	      0.00000000
    710.77154541	    929.19996636	    294.87218972	     10.43737475	      0.00000000	      0.00000000
    836.04931641	    915.58228589	    295.17181469	      9.95151646	      0.00000000	      0.00000000
    975.59924316	    900.59469043	    295.58069761	      9.39419261	      0.00000000	      0.00000000
   1131.04724121	    884.12639785	    296.08519152	      8.84213154	      0.00000000	      0.00000000
   1304.20446777	    866.06337705	    296.67247431	      8.32317144	      0.00000000	      0.00000000
   1497.08850098	    846.28965957	    297.34068013	      7.82832612	      0.00000000	      0.00000000
   1711.94665527	    824.68989170	    298.10469660	      7.33565291	      0.00000000	      0.00000000
   1951.28234863	    801.15287285	    298.98809121	      6.82281307	      0.00000000	      0.00000000
   2217.88403320	    775.57533203	    300.00723610	      6.27783849	      0.00000000	      0.00000000
   2514.85815430	    747.86577007	    301.16871493	      5.69893238	      0.00000000	      0.00000000
   2845.66479492	    717.94938804	    302.47972021	      5.08628113	      0.00000000	      0.00000000
   3214.15820312	    685.77475471	    303.95781479	      4.43773659	      0.00000000	      0.00000000
   3624.63183594	    651.32128582	    305.61277303	      3.75841348	      0.00000000	      0.00000000
   4081.86840820	    614.60596248	    307.40206200	      3.07741434	      0.00000000	      0.00000000
   4581.86816406	    576.38760598	    309.21954893	      2.44103531	      0.00000000	      0.00000000
   5081.86816406	    540.09386750	    310.92298966	      1.89801840	      0.00000000	      0.00000000
   5581.86816406	    505.63170106	    312.53278916	      1.43394441	      0.00000000	      0.00000000
   6081.86816406	    472.91867041	    314.00186641	      1.04932236	      0.00000000	      0.00000000
   6581.86816406	    441.87194882	    315.27438441	      0.74725242	      0.00000000	      0.00000000
   7081.86816406	    412.41185355	    316.36049440	      0.51826460	      0.00000000	      0.00000000
   7581.86816406	    384.46519329	    317.28208337	      0.35158921	      0.00000000	      0.00000000
   8081.86816406	    357.96452203	    318.05090571	      0.23471134	      0.00000000	      0.00000000
   8581.86816406	    332.84715804	    318.68150978	      0.15503809	      0.00000000	      0.00000000
   9081.86816406	    309.05534840	    319.20430512	      0.10164576	      0.00000000	      0.00000000
   9581.86816406	    286.53666265	    319.66374371	      0.06610626	      0.00000000	      0.00000000
  10081.86816406	    265.24382731	    320.11135427	      0.04256163	      0.00000000	      0.00000000
  10581.86816406	    245.13437316	    320.61159718	      0.02714116	      0.00000000	      0.00000000
  11081.86816406	    226.17123942	    321.27334555	      0.01715114	      0.00000000	      0.00000000
  11581.86816406	    208.32536302	    322.31052216	      0.01075451	      0.00000000	      0.00000000
  12081.86816406	    191.57939961	    324.08312566	      0.00685419	      0.00000000	      0.00000000
  12581.86816406	    175.93099833	    327.14248202	      0.00477449	      0.00000000	      0.00000000
  13081.86816406	    161.39304299	    332.20475583	      0.00396146	      0.00000000	      0.00000000
  13581.86816406	    147.98013685	    339.65173909	      0.00395873	      0.00000000	      0.00000000
  14081.86816406	    135.68159641	    349.07949188	      0.00454183	      0.00000000	      0.00000000
  14581.86816406	    124.44531577	    359.56233787	      0.00552521	      0.00000000	      0.00000000
  15081.86816406	    114.18693678	    370.26796159	      0.00666011	      0.00000000	      0.00000000
  15581.86816406	    104.81065200	    380.72388966	      0.00775067	      0.00000000	      0.00000000
  16081.86816406	     96.22466849	    390.76227201	      0.00869181	      0.00000000	      0.00000000
  16581.86718750	     88.34775977	    400.38662258	      0.00942421	      0.00000000	      0.00000000
  17081.86718750	     81.11026986	    409.68825640	      0.00988798	      0.00000000	      0.00000000
  17581.86718750	     74.45381047	    418.89300538	      0.01004909	      0.00000000	      0.00000000
  18081.86718750	     68.33146317	    428.48286297	      0.01005486	      0.00000000	      0.00000000
  18581.86718750	     62.70786254	    439.19766902	      0.01004458	      0.00000000	      0.00000000
  19081.86718750	     57.55265694	    451.05233392	      0.01004149	      0.00000000	      0.00000000
  19581.86718750	     52.83142841	    463.32671028	      0.01004343	      0.00000000	      0.00000000
  20081.86718750	     48.50541981	    475.51144451	      0.01004806	      0.00000000	      0.00000000
  20590.05468750	     44.47414765	    487.70213967	      0.01005492	      0.00000000	      0.00000000
  21149.06054688	     40.42497629	    501.05596894	      0.01006402	      0.00000000	      0.00000000
  21763.96679688	     36.39355347	    516.04332709	      0.01007369	      0.00000000	      0.00000000
  22440.36328125	     32.41971218	    533.16646840	      0.01008089	      0.00000000	      0.00000000
  23184.40039062	     28.54671829	    552.89520017	      0.01008422	      0.00000000	      0.00000000
  24002.83984375	     24.81856166	    575.54119847	      0.01008494	      0.00000000	      0.00000000
  24903.12304688	     21.27739973	    601.44046525	      0.01008506	      0.00000000	      0.00000000
  25893.43554688	     17.96227328	    631.15252830	      0.01008508	      0.00000000	      0.00000000
  26982.77929688	     14.90998925	    665.52115348	      0.01008485	      0.00000000	      0.00000000
