      z[m]      p[mb]      tp[K]    q[g/kg]     u[m/s]     v[m/s]
      0.00,         64,    1009.32
     25.00000000	   1006.44353668	    296.35409294	     13.90899595	      0.00000000	      0.00000000
     75.00000000	   1000.70899160	    296.28263192	     13.46875763	      0.00000000	      0.00000000
    127.84809875	    994.67191421	    296.33427779	     13.39327048	      0.00000000	      0.00000000
    186.71687317	    987.97853259	    296.38785170	     13.32705020	      0.00000000	      0.00000000
    252.29220581	    980.56161473	    296.44617687	     13.26267213	      0.00000000	      0.00000000
    325.33816528	    972.34785188	    296.50773183	     13.17040600	      0.00000000	      0.00000000
    406.70581055	    963.25770803	    296.58067760	     13.04252555	      0.00000000	      0.00000000
    497.34317017	    953.20542410	    296.67729288	     12.85171493	      0.00000000	      0.00000000
    598.30627441	    942.09915559	    296.82011834	     12.56422366	      0.00000000	      0.00000000
    710.77154541	    929.84159635	    297.04706949	     12.13629162	      0.00000000	      0.00000000
    836.04931641	    916.33087373	    297.38981700	     11.56796565	      0.00000000	      0.00000000
    975.59924316	    901.46094524	    297.84364630	     10.94115599	      0.00000000	      0.00000000
   1131.04724121	    885.12178936	    298.39350719	     10.32783100	      0.00000000	      0.00000000
   1304.20446777	    867.19998263	    299.02683867	      9.74456381	      0.00000000	      0.00000000
   1497.08850098	    847.57992850	    299.74018018	      9.17840129	      0.00000000	      0.00000000
   1711.94665527	    826.14609138	    300.53963744	      8.61288602	      0.00000000	      0.00000000
   1951.28234863	    802.78627124	    301.44300916	      8.03532149	      0.00000000	      0.00000000
   2217.88403320	    777.39609554	    302.48091453	      7.43488694	      0.00000000	      0.00000000
   2514.85815430	    749.88383674	    303.67852447	      6.80143636	      0.00000000	      0.00000000
   2845.66479492	    720.17503474	    305.04548017	      6.13208031	      0.00000000	      0.00000000
   3214.15820312	    688.21786168	    306.58837506	      5.42852881	      0.00000000	      0.00000000
   3624.63183594	    653.99066812	    308.32548563	      4.69240540	      0.00000000	      0.00000000
   4081.86840820	    617.51200532	    310.26795058	      3.93287592	      0.00000000	      0.00000000
   4581.86816406	    579.54137927	    312.32594704	      3.19554436	      0.00000000	      0.00000000
   5081.86816406	    543.48493933	    314.23998792	      2.56718380	      0.00000000	      0.00000000
   5581.86816406	    509.24623784	    316.04563939	      2.02477561	      0.00000000	      0.00000000
   6081.86816406	    476.74383118	    317.76177961	      1.55198020	      0.00000000	      0.00000000
   6581.86816406	    445.89896296	    319.33832485	      1.15163384	      0.00000000	      0.00000000
   7081.86816406	    416.63229999	    320.71331053	      0.83169367	      0.00000000	      0.00000000
   7581.86816406	    388.86732318	    321.89437792	      0.58537191	      0.00000000	      0.00000000
   8081.86816406	    362.53375850	    322.90478090	      0.40234447	      0.00000000	      0.00000000
   8581.86816406	    337.56694465	    323.75634964	      0.27067790	      0.00000000	      0.00000000
   9081.86816406	    313.90679840	    324.46257992	      0.17875076	      0.00000000	      0.00000000
   9581.86816406	    291.49793812	    325.05335399	      0.11639602	      0.00000000	      0.00000000
  10081.86816406	    270.29009900	    325.57409709	      0.07509882	      0.00000000	      0.00000000
  10581.86816406	    250.23802943	    326.07861383	      0.04812659	      0.00000000	      0.00000000
  11081.86816406	    231.30116167	    326.63364052	      0.03064695	      0.00000000	      0.00000000
  11581.86816406	    213.44406039	    327.34795562	      0.01938555	      0.00000000	      0.00000000
  12081.86816406	    196.63859151	    328.42947669	      0.01219487	      0.00000000	      0.00000000
  12581.86816406	    180.86708195	    330.22381872	      0.00778770	      0.00000000	      0.00000000
  13081.86816406	    166.12430984	    333.22002838	      0.00537137	      0.00000000	      0.00000000
  13581.86816406	    152.41796102	    338.09651182	      0.00433948	      0.00000000	      0.00000000
  14081.86816406	    139.75993766	    345.33573096	      0.00422888	      0.00000000	      0.00000000
  14581.86816406	    128.14431487	    354.72044014	      0.00478714	      0.00000000	      0.00000000
  15081.86816406	    117.52921961	    365.38359128	      0.00584351	      0.00000000	      0.00000000
  15581.86816406	    107.83948335	    376.35900979	      0.00711102	      0.00000000	      0.00000000
  16081.86816406	     98.98408664	    386.98253903	      0.00831860	      0.00000000	      0.00000000
  16581.86718750	     90.87288069	    396.96398728	      0.00930144	      0.00000000	      0.00000000
  17081.86718750	     83.42603475	    406.33468038	      0.00998632	      0.00000000	      0.00000000
  17581.86718750	     76.57799370	    415.41459115	      0.01035283	      0.00000000	      0.00000000
  18081.86718750	     70.27840532	    424.81900889	      0.01045843	      0.00000000	      0.00000000
  18581.86718750	     64.49090824	    435.35691900	      0.01046204	      0.00000000	      0.00000000
  19081.86718750	     59.18508227	    447.09254912	      0.01044687	      0.00000000	      0.00000000
  19581.86718750	     54.32649582	    459.34222345	      0.01043684	      0.00000000	      0.00000000
  20081.86718750	     49.87597247	    471.58628347	      0.01043391	      0.00000000	      0.00000000
  20590.05468750	     45.73020729	    483.84778688	      0.01043449	      0.00000000	      0.00000000
  21149.06054688	     41.56722018	    497.20295704	      0.01043608	      0.00000000	      0.00000000
  21763.96679688	     37.42288023	    512.07815822	      0.01043726	      0.00000000	      0.00000000
  22440.36328125	     33.33744726	    529.01127742	      0.01043726	      0.00000000	      0.00000000
  23184.40039062	     29.35520282	    548.52642214	      0.01043663	      0.00000000	      0.00000000
  24002.83984375	     25.52155095	    570.96441583	      0.01043643	      0.00000000	      0.00000000
  24903.12304688	     21.88006678	    596.65060019	      0.01043643	      0.00000000	      0.00000000
  25893.43554688	     18.47100472	    626.12601457	      0.01043643	      0.00000000	      0.00000000
  26982.77929688	     15.33223768	    660.22092377	      0.01043648	      0.00000000	      0.00000000
  10000.00,         64,    1009.32
     25.00000000	   1006.44353668	    296.35409294	     13.90899595	      0.00000000	      0.00000000
     75.00000000	   1000.70899160	    296.28263192	     13.46875763	      0.00000000	      0.00000000
    127.84809875	    994.67191421	    296.33427779	     13.39327048	      0.00000000	      0.00000000
    186.71687317	    987.97853259	    296.38785170	     13.32705020	      0.00000000	      0.00000000
    252.29220581	    980.56161473	    296.44617687	     13.26267213	      0.00000000	      0.00000000
    325.33816528	    972.34785188	    296.50773183	     13.17040600	      0.00000000	      0.00000000
    406.70581055	    963.25770803	    296.58067760	     13.04252555	      0.00000000	      0.00000000
    497.34317017	    953.20542410	    296.67729288	     12.85171493	      0.00000000	      0.00000000
    598.30627441	    942.09915559	    296.82011834	     12.56422366	      0.00000000	      0.00000000
    710.77154541	    929.84159635	    297.04706949	     12.13629162	      0.00000000	      0.00000000
    836.04931641	    916.33087373	    297.38981700	     11.56796565	      0.00000000	      0.00000000
    975.59924316	    901.46094524	    297.84364630	     10.94115599	      0.00000000	      0.00000000
   1131.04724121	    885.12178936	    298.39350719	     10.32783100	      0.00000000	      0.00000000
   1304.20446777	    867.19998263	    299.02683867	      9.74456381	      0.00000000	      0.00000000
   1497.08850098	    847.57992850	    299.74018018	      9.17840129	      0.00000000	      0.00000000
   1711.94665527	    826.14609138	    300.53963744	      8.61288602	      0.00000000	      0.00000000
   1951.28234863	    802.78627124	    301.44300916	      8.03532149	      0.00000000	      0.00000000
   2217.88403320	    777.39609554	    302.48091453	      7.43488694	      0.00000000	      0.00000000
   2514.85815430	    749.88383674	    303.67852447	      6.80143636	      0.00000000	      0.00000000
   2845.66479492	    720.17503474	    305.04548017	      6.13208031	      0.00000000	      0.00000000
   3214.15820312	    688.21786168	    306.58837506	      5.42852881	      0.00000000	      0.00000000
   3624.63183594	    653.99066812	    308.32548563	      4.69240540	      0.00000000	      0.00000000
   4081.86840820	    617.51200532	    310.26795058	      3.93287592	      0.00000000	      0.00000000
   4581.86816406	    579.54137927	    312.32594704	      3.19554436	      0.00000000	      0.00000000
   5081.86816406	    543.48493933	    314.23998792	      2.56718380	      0.00000000	      0.00000000
   5581.86816406	    509.24623784	    316.04563939	      2.02477561	      0.00000000	      0.00000000
   6081.86816406	    476.74383118	    317.76177961	      1.55198020	      0.00000000	      0.00000000
   6581.86816406	    445.89896296	    319.33832485	      1.15163384	      0.00000000	      0.00000000
   7081.86816406	    416.63229999	    320.71331053	      0.83169367	      0.00000000	      0.00000000
   7581.86816406	    388.86732318	    321.89437792	      0.58537191	      0.00000000	      0.00000000
   8081.86816406	    362.53375850	    322.90478090	      0.40234447	      0.00000000	      0.00000000
   8581.86816406	    337.56694465	    323.75634964	      0.27067790	      0.00000000	      0.00000000
   9081.86816406	    313.90679840	    324.46257992	      0.17875076	      0.00000000	      0.00000000
   9581.86816406	    291.49793812	    325.05335399	      0.11639602	      0.00000000	      0.00000000
  10081.86816406	    270.29009900	    325.57409709	      0.07509882	      0.00000000	      0.00000000
  10581.86816406	    250.23802943	    326.07861383	      0.04812659	      0.00000000	      0.00000000
  11081.86816406	    231.30116167	    326.63364052	      0.03064695	      0.00000000	      0.00000000
  11581.86816406	    213.44406039	    327.34795562	      0.01938555	      0.00000000	      0.00000000
  12081.86816406	    196.63859151	    328.42947669	      0.01219487	      0.00000000	      0.00000000
  12581.86816406	    180.86708195	    330.22381872	      0.00778770	      0.00000000	      0.00000000
  13081.86816406	    166.12430984	    333.22002838	      0.00537137	      0.00000000	      0.00000000
  13581.86816406	    152.41796102	    338.09651182	      0.00433948	      0.00000000	      0.00000000
  14081.86816406	    139.75993766	    345.33573096	      0.00422888	      0.00000000	      0.00000000
  14581.86816406	    128.14431487	    354.72044014	      0.00478714	      0.00000000	      0.00000000
  15081.86816406	    117.52921961	    365.38359128	      0.00584351	      0.00000000	      0.00000000
  15581.86816406	    107.83948335	    376.35900979	      0.00711102	      0.00000000	      0.00000000
  16081.86816406	     98.98408664	    386.98253903	      0.00831860	      0.00000000	      0.00000000
  16581.86718750	     90.87288069	    396.96398728	      0.00930144	      0.00000000	      0.00000000
  17081.86718750	     83.42603475	    406.33468038	      0.00998632	      0.00000000	      0.00000000
  17581.86718750	     76.57799370	    415.41459115	      0.01035283	      0.00000000	      0.00000000
  18081.86718750	     70.27840532	    424.81900889	      0.01045843	      0.00000000	      0.00000000
  18581.86718750	     64.49090824	    435.35691900	      0.01046204	      0.00000000	      0.00000000
  19081.86718750	     59.18508227	    447.09254912	      0.01044687	      0.00000000	      0.00000000
  19581.86718750	     54.32649582	    459.34222345	      0.01043684	      0.00000000	      0.00000000
  20081.86718750	     49.87597247	    471.58628347	      0.01043391	      0.00000000	      0.00000000
  20590.05468750	     45.73020729	    483.84778688	      0.01043449	      0.00000000	      0.00000000
  21149.06054688	     41.56722018	    497.20295704	      0.01043608	      0.00000000	      0.00000000
  21763.96679688	     37.42288023	    512.07815822	      0.01043726	      0.00000000	      0.00000000
  22440.36328125	     33.33744726	    529.01127742	      0.01043726	      0.00000000	      0.00000000
  23184.40039062	     29.35520282	    548.52642214	      0.01043663	      0.00000000	      0.00000000
  24002.83984375	     25.52155095	    570.96441583	      0.01043643	      0.00000000	      0.00000000
  24903.12304688	     21.88006678	    596.65060019	      0.01043643	      0.00000000	      0.00000000
  25893.43554688	     18.47100472	    626.12601457	      0.01043643	      0.00000000	      0.00000000
  26982.77929688	     15.33223768	    660.22092377	      0.01043648	      0.00000000	      0.00000000
