      z[m]      p[mb]      tp[K]    q[g/kg]     u[m/s]     v[m/s]
      0.00,         64,    1009.32
     25.00000000	   1006.42712641	    294.85832084	     12.58447435	      0.00000000	      0.00000000
     75.00000000	   1000.65949238	    294.75251968	     12.05925970	      0.00000000	      0.00000000
    127.84809875	    994.58704277	    294.79698878	     11.92780532	      0.00000000	      0.00000000
    186.71687317	    987.85447864	    294.85639091	     11.84861044	      0.00000000	      0.00000000
    252.29220581	    980.39449482	    294.92204729	     11.77522510	      0.00000000	      0.00000000
    325.33816528	    972.13353898	    294.99297735	     11.68182305	      0.00000000	      0.00000000
    406.70581055	    962.99182395	    295.07558317	     11.55679076	      0.00000000	      0.00000000
    497.34317017	    952.88331411	    295.18105424	     11.37756845	      0.00000000	      0.00000000
    598.30627441	    941.71585899	    295.32832086	     11.11849225	      0.00000000	      0.00000000
    710.77154541	    929.39173136	    295.54907821	     10.74624358	      0.00000000	      0.00000000
    836.04931641	    915.80847522	    295.87304855	     10.25633893	      0.00000000	      0.00000000
    975.59924316	    900.85936490	    296.30115121	      9.70068166	      0.00000000	      0.00000000
   1131.04724121	    884.43375066	    296.82523755	      9.13685824	      0.00000000	      0.00000000
   1304.20446777	    866.41789032	    297.43786828	      8.59212507	      0.00000000	      0.00000000
   1497.08850098	    846.69623958	    298.13405713	      8.07294206	      0.00000000	      0.00000000
   1711.94665527	    825.15352932	    298.91694469	      7.57191313	      0.00000000	      0.00000000
   1951.28234863	    801.67795440	    299.80330133	      7.07251383	      0.00000000	      0.00000000
   2217.88403320	    776.16538127	    300.81679263	      6.55442462	      0.00000000	      0.00000000
   2514.85815430	    748.52388723	    301.97704607	      6.00221178	      0.00000000	      0.00000000
   2845.66479492	    718.67891503	    303.29995345	      5.40600908	      0.00000000	      0.00000000
   3214.15820312	    686.57944613	    304.80165733	      4.75956440	      0.00000000	      0.00000000
   3624.63183594	    652.20487843	    306.48802807	      4.06869664	      0.00000000	      0.00000000
   4081.86840820	    615.57227611	    308.32554737	      3.36324897	      0.00000000	      0.00000000
   4581.86816406	    577.44001067	    310.21922452	      2.68908417	      0.00000000	      0.00000000
   5081.86816406	    541.22891823	    312.00360113	      2.10676541	      0.00000000	      0.00000000
   5581.86816406	    506.84535587	    313.68672528	      1.60681058	      0.00000000	      0.00000000
   6081.86816406	    474.20596898	    315.22565341	      1.18793401	      0.00000000	      0.00000000
   6581.86816406	    443.22745729	    316.56601090	      0.85224693	      0.00000000	      0.00000000
   7081.86816406	    413.82905911	    317.70009346	      0.59499762	      0.00000000	      0.00000000
   7581.86816406	    385.93639587	    318.65870145	      0.40535075	      0.00000000	      0.00000000
   8081.86816406	    359.48203040	    319.46738421	      0.27128964	      0.00000000	      0.00000000
   8581.86816406	    334.40390484	    320.14212089	      0.17958048	      0.00000000	      0.00000000
   9081.86816406	    310.64450190	    320.70426772	      0.11786448	      0.00000000	      0.00000000
   9581.86816406	    288.15100768	    321.19040718	      0.07664382	      0.00000000	      0.00000000
  10081.86816406	    266.87551179	    321.64896154	      0.04938909	      0.00000000	      0.00000000
  10581.86816406	    246.77490071	    322.14134436	      0.03158806	      0.00000000	      0.00000000
  11081.86816406	    227.81132014	    322.76685286	      0.02005426	      0.00000000	      0.00000000
  11581.86816406	    209.95448342	    323.72244481	      0.01265356	      0.00000000	      0.00000000
  12081.86816406	    193.18559663	    325.35764172	      0.00806808	      0.00000000	      0.00000000
  12581.86816406	    177.49687656	    328.03461055	      0.00546316	      0.00000000	      0.00000000
  13081.86816406	    162.88969979	    332.27128072	      0.00420259	      0.00000000	      0.00000000
  13581.86816406	    149.37175532	    338.62472293	      0.00384270	      0.00000000	      0.00000000
  14081.86816406	    136.94236325	    347.21412146	      0.00411232	      0.00000000	      0.00000000
  14581.86816406	    125.57140277	    357.43318583	      0.00486421	      0.00000000	      0.00000000
  15081.86816406	    115.19219370	    368.31525108	      0.00590307	      0.00000000	      0.00000000
  15581.86816406	    105.71491045	    379.11168250	      0.00703564	      0.00000000	      0.00000000
  16081.86816406	     97.04613682	    389.49768720	      0.00813215	      0.00000000	      0.00000000
  16581.86718750	     89.10101524	    399.43885580	      0.00911739	      0.00000000	      0.00000000
  17081.86718750	     81.80645736	    409.00295572	      0.00992811	      0.00000000	      0.00000000
  17581.86718750	     75.10043890	    418.31262557	      0.01048787	      0.00000000	      0.00000000
  18081.86718750	     68.93148897	    427.68419589	      0.01075196	      0.00000000	      0.00000000
  18581.86718750	     63.26122012	    438.03491640	      0.01078855	      0.00000000	      0.00000000
  19081.86718750	     58.06108183	    449.85653936	      0.01076220	      0.00000000	      0.00000000
  19581.86718750	     53.30120104	    462.60869973	      0.01068986	      0.00000000	      0.00000000
  20081.86718750	     48.94438701	    475.32774509	      0.01056413	      0.00000000	      0.00000000
  20590.05468750	     44.88605767	    487.46871310	      0.01035530	      0.00000000	      0.00000000
  21149.06054688	     40.80605600	    500.09979915	      0.00995889	      0.00000000	      0.00000000
  21763.96679688	     36.73755152	    514.24975453	      0.00918772	      0.00000000	      0.00000000
  22440.36328125	     32.72290949	    530.99715935	      0.00782255	      0.00000000	      0.00000000
  23184.40039062	     28.81005624	    550.85997815	      0.00579163	      0.00000000	      0.00000000
  24002.83984375	     25.04589298	    573.84167734	      0.00336900	      0.00000000	      0.00000000
  24903.12304688	     21.47281892	    599.97718073	      0.00120097	      0.00000000	      0.00000000
  25893.43554688	     18.12914301	    629.84527734	      0.00001758	      0.00000000	      0.00000000
  26982.77929688	     15.05138753	    664.39312356	      0.00000000	      0.00000000	      0.00000000
  10000.00,         64,    1009.32
     25.00000000	   1006.42712641	    294.85832084	     12.58447435	      0.00000000	      0.00000000
     75.00000000	   1000.65949238	    294.75251968	     12.05925970	      0.00000000	      0.00000000
    127.84809875	    994.58704277	    294.79698878	     11.92780532	      0.00000000	      0.00000000
    186.71687317	    987.85447864	    294.85639091	     11.84861044	      0.00000000	      0.00000000
    252.29220581	    980.39449482	    294.92204729	     11.77522510	      0.00000000	      0.00000000
    325.33816528	    972.13353898	    294.99297735	     11.68182305	      0.00000000	      0.00000000
    406.70581055	    962.99182395	    295.07558317	     11.55679076	      0.00000000	      0.00000000
    497.34317017	    952.88331411	    295.18105424	     11.37756845	      0.00000000	      0.00000000
    598.30627441	    941.71585899	    295.32832086	     11.11849225	      0.00000000	      0.00000000
    710.77154541	    929.39173136	    295.54907821	     10.74624358	      0.00000000	      0.00000000
    836.04931641	    915.80847522	    295.87304855	     10.25633893	      0.00000000	      0.00000000
    975.59924316	    900.85936490	    296.30115121	      9.70068166	      0.00000000	      0.00000000
   1131.04724121	    884.43375066	    296.82523755	      9.13685824	      0.00000000	      0.00000000
   1304.20446777	    866.41789032	    297.43786828	      8.59212507	      0.00000000	      0.00000000
   1497.08850098	    846.69623958	    298.13405713	      8.07294206	      0.00000000	      0.00000000
   1711.94665527	    825.15352932	    298.91694469	      7.57191313	      0.00000000	      0.00000000
   1951.28234863	    801.67795440	    299.80330133	      7.07251383	      0.00000000	      0.00000000
   2217.88403320	    776.16538127	    300.81679263	      6.55442462	      0.00000000	      0.00000000
   2514.85815430	    748.52388723	    301.97704607	      6.00221178	      0.00000000	      0.00000000
   2845.66479492	    718.67891503	    303.29995345	      5.40600908	      0.00000000	      0.00000000
   3214.15820312	    686.57944613	    304.80165733	      4.75956440	      0.00000000	      0.00000000
   3624.63183594	    652.20487843	    306.48802807	      4.06869664	      0.00000000	      0.00000000
   4081.86840820	    615.57227611	    308.32554737	      3.36324897	      0.00000000	      0.00000000
   4581.86816406	    577.44001067	    310.21922452	      2.68908417	      0.00000000	      0.00000000
   5081.86816406	    541.22891823	    312.00360113	      2.10676541	      0.00000000	      0.00000000
   5581.86816406	    506.84535587	    313.68672528	      1.60681058	      0.00000000	      0.00000000
   6081.86816406	    474.20596898	    315.22565341	      1.18793401	      0.00000000	      0.00000000
   6581.86816406	    443.22745729	    316.56601090	      0.85224693	      0.00000000	      0.00000000
   7081.86816406	    413.82905911	    317.70009346	      0.59499762	      0.00000000	      0.00000000
   7581.86816406	    385.93639587	    318.65870145	      0.40535075	      0.00000000	      0.00000000
   8081.86816406	    359.48203040	    319.46738421	      0.27128964	      0.00000000	      0.00000000
   8581.86816406	    334.40390484	    320.14212089	      0.17958048	      0.00000000	      0.00000000
   9081.86816406	    310.64450190	    320.70426772	      0.11786448	      0.00000000	      0.00000000
   9581.86816406	    288.15100768	    321.19040718	      0.07664382	      0.00000000	      0.00000000
  10081.86816406	    266.87551179	    321.64896154	      0.04938909	      0.00000000	      0.00000000
  10581.86816406	    246.77490071	    322.14134436	      0.03158806	      0.00000000	      0.00000000
  11081.86816406	    227.81132014	    322.76685286	      0.02005426	      0.00000000	      0.00000000
  11581.86816406	    209.95448342	    323.72244481	      0.01265356	      0.00000000	      0.00000000
  12081.86816406	    193.18559663	    325.35764172	      0.00806808	      0.00000000	      0.00000000
  12581.86816406	    177.49687656	    328.03461055	      0.00546316	      0.00000000	      0.00000000
  13081.86816406	    162.88969979	    332.27128072	      0.00420259	      0.00000000	      0.00000000
  13581.86816406	    149.37175532	    338.62472293	      0.00384270	      0.00000000	      0.00000000
  14081.86816406	    136.94236325	    347.21412146	      0.00411232	      0.00000000	      0.00000000
  14581.86816406	    125.57140277	    357.43318583	      0.00486421	      0.00000000	      0.00000000
  15081.86816406	    115.19219370	    368.31525108	      0.00590307	      0.00000000	      0.00000000
  15581.86816406	    105.71491045	    379.11168250	      0.00703564	      0.00000000	      0.00000000
  16081.86816406	     97.04613682	    389.49768720	      0.00813215	      0.00000000	      0.00000000
  16581.86718750	     89.10101524	    399.43885580	      0.00911739	      0.00000000	      0.00000000
  17081.86718750	     81.80645736	    409.00295572	      0.00992811	      0.00000000	      0.00000000
  17581.86718750	     75.10043890	    418.31262557	      0.01048787	      0.00000000	      0.00000000
  18081.86718750	     68.93148897	    427.68419589	      0.01075196	      0.00000000	      0.00000000
  18581.86718750	     63.26122012	    438.03491640	      0.01078855	      0.00000000	      0.00000000
  19081.86718750	     58.06108183	    449.85653936	      0.01076220	      0.00000000	      0.00000000
  19581.86718750	     53.30120104	    462.60869973	      0.01068986	      0.00000000	      0.00000000
  20081.86718750	     48.94438701	    475.32774509	      0.01056413	      0.00000000	      0.00000000
  20590.05468750	     44.88605767	    487.46871310	      0.01035530	      0.00000000	      0.00000000
  21149.06054688	     40.80605600	    500.09979915	      0.00995889	      0.00000000	      0.00000000
  21763.96679688	     36.73755152	    514.24975453	      0.00918772	      0.00000000	      0.00000000
  22440.36328125	     32.72290949	    530.99715935	      0.00782255	      0.00000000	      0.00000000
  23184.40039062	     28.81005624	    550.85997815	      0.00579163	      0.00000000	      0.00000000
  24002.83984375	     25.04589298	    573.84167734	      0.00336900	      0.00000000	      0.00000000
  24903.12304688	     21.47281892	    599.97718073	      0.00120097	      0.00000000	      0.00000000
  25893.43554688	     18.12914301	    629.84527734	      0.00001758	      0.00000000	      0.00000000
  26982.77929688	     15.05138753	    664.39312356	      0.00000000	      0.00000000	      0.00000000
