      z[m]      p[mb]      tp[K]    q[g/kg]     u[m/s]     v[m/s]
      0.00,         64,    1009.32
     25.00000000	   1006.42712446	    294.90808980	     12.58432828	      0.00000000	      0.00000000
     75.00000000	   1000.65948781	    294.80236530	     12.05919587	      0.00000000	      0.00000000
    127.84809875	    994.58703445	    294.84688231	     11.92779603	      0.00000000	      0.00000000
    186.71687317	    987.85446578	    294.90634682	     11.84862108	      0.00000000	      0.00000000
    252.29220581	    980.39447666	    294.97209074	     11.77522881	      0.00000000	      0.00000000
    325.33816528	    972.13351353	    295.04315083	     11.68177881	      0.00000000	      0.00000000
    406.70581055	    962.99179169	    295.12592221	     11.55670261	      0.00000000	      0.00000000
    497.34317017	    952.88327523	    295.23159289	     11.37740530	      0.00000000	      0.00000000
    598.30627441	    941.71581472	    295.37908699	     11.11824931	      0.00000000	      0.00000000
    710.77154541	    929.39168207	    295.60007909	     10.74599193	      0.00000000	      0.00000000
    836.04931641	    915.80842223	    295.92427239	     10.25614796	      0.00000000	      0.00000000
    975.59924316	    900.85930831	    296.35260341	      9.70053617	      0.00000000	      0.00000000
   1131.04724121	    884.43368844	    296.87689324	      9.13680277	      0.00000000	      0.00000000
   1304.20446777	    866.41781794	    297.48971736	      8.59219435	      0.00000000	      0.00000000
   1497.08850098	    846.69614944	    298.18611517	      8.07311572	      0.00000000	      0.00000000
   1711.94665527	    825.15341285	    298.96930150	      7.57211806	      0.00000000	      0.00000000
   1951.28234863	    801.67780504	    299.85603723	      7.07275164	      0.00000000	      0.00000000
   2217.88403320	    776.16519642	    300.87006101	      6.55463263	      0.00000000	      0.00000000
   2514.85815430	    748.52367327	    302.03107184	      6.00224123	      0.00000000	      0.00000000
   2845.66479492	    718.67868999	    303.35484638	      5.40586788	      0.00000000	      0.00000000
   3214.15820312	    686.57922463	    304.85738755	      4.75935808	      0.00000000	      0.00000000
   3624.63183594	    652.20466488	    306.54453504	      4.06853771	      0.00000000	      0.00000000
   4081.86840820	    615.57206073	    308.38284356	      3.36315638	      0.00000000	      0.00000000
   4581.86816406	    577.43977897	    310.27746077	      2.68903737	      0.00000000	      0.00000000
   5081.86816406	    541.22865785	    312.06277282	      2.10679214	      0.00000000	      0.00000000
   5581.86816406	    506.84505453	    313.74685789	      1.60689175	      0.00000000	      0.00000000
   6081.86816406	    474.20562161	    315.28690798	      1.18801952	      0.00000000	      0.00000000
   6581.86816406	    443.22706395	    316.62840205	      0.85232956	      0.00000000	      0.00000000
   7081.86816406	    413.82861964	    317.76366839	      0.59505928	      0.00000000	      0.00000000
   7581.86816406	    385.93590964	    318.72349826	      0.40539642	      0.00000000	      0.00000000
   8081.86816406	    359.48149939	    319.53349991	      0.27131015	      0.00000000	      0.00000000
   8581.86816406	    334.40333420	    320.20962422	      0.17958478	      0.00000000	      0.00000000
   9081.86816406	    310.64389426	    320.77315294	      0.11785690	      0.00000000	      0.00000000
   9581.86816406	    288.15036064	    321.26063324	      0.07663482	      0.00000000	      0.00000000
  10081.86816406	    266.87481888	    321.72053959	      0.04938627	      0.00000000	      0.00000000
  10581.86816406	    246.77415429	    322.21429299	      0.03158819	      0.00000000	      0.00000000
  11081.86816406	    227.81051404	    322.84127986	      0.02005394	      0.00000000	      0.00000000
  11581.86816406	    209.95361949	    323.79859700	      0.01265233	      0.00000000	      0.00000000
  12081.86816406	    193.18469295	    325.43602675	      0.00806726	      0.00000000	      0.00000000
  12581.86816406	    177.49598334	    328.11635324	      0.00546321	      0.00000000	      0.00000000
  13081.86816406	    162.88890163	    332.35744814	      0.00420329	      0.00000000	      0.00000000
  13581.86816406	    149.37112397	    338.71475156	      0.00384390	      0.00000000	      0.00000000
  14081.86816406	    136.94189293	    347.30546305	      0.00411333	      0.00000000	      0.00000000
  14581.86816406	    125.57101172	    357.52381601	      0.00486455	      0.00000000	      0.00000000
  15081.86816406	    115.19180232	    368.40611059	      0.00590331	      0.00000000	      0.00000000
  15581.86816406	    105.71449362	    379.20465034	      0.00703661	      0.00000000	      0.00000000
  16081.86816406	     97.04570500	    389.59353978	      0.00813411	      0.00000000	      0.00000000
  16581.86718750	     89.10058650	    399.53791389	      0.00912009	      0.00000000	      0.00000000
  17081.86718750	     81.80604794	    409.10529495	      0.00993100	      0.00000000	      0.00000000
  17581.86718750	     75.10005946	    418.41808997	      0.01049073	      0.00000000	      0.00000000
  18081.86718750	     68.93114355	    427.79256747	      0.01075551	      0.00000000	      0.00000000
  18581.86718750	     63.26090759	    438.14595940	      0.01079292	      0.00000000	      0.00000000
  19081.86718750	     58.06079835	    449.97021304	      0.01076737	      0.00000000	      0.00000000
  19581.86718750	     53.30094263	    462.72504928	      0.01069610	      0.00000000	      0.00000000
  20081.86718750	     48.94415047	    475.44690889	      0.01057167	      0.00000000	      0.00000000
  20590.05468750	     44.88584117	    487.59083539	      0.01036417	      0.00000000	      0.00000000
  21149.06054688	     40.80585937	    500.22526212	      0.00996892	      0.00000000	      0.00000000
  21763.96679688	     36.73737462	    514.37905077	      0.00919829	      0.00000000	      0.00000000
  22440.36328125	     32.72275228	    531.13086381	      0.00783251	      0.00000000	      0.00000000
  23184.40039062	     28.80991863	    550.99870521	      0.00579953	      0.00000000	      0.00000000
  24002.83984375	     25.04577437	    573.98607719	      0.00337378	      0.00000000	      0.00000000
  24903.12304688	     21.47271823	    600.12806632	      0.00120269	      0.00000000	      0.00000000
  25893.43554688	     18.12905894	    630.00364453	      0.00001761	      0.00000000	      0.00000000
  26982.77929688	     15.05131864	    664.56014170	      0.00000000	      0.00000000	      0.00000000
  10000.00,         64,    1009.32
     25.00000000	   1006.42712446	    294.90808980	     12.58432828	      0.00000000	      0.00000000
     75.00000000	   1000.65948781	    294.80236530	     12.05919587	      0.00000000	      0.00000000
    127.84809875	    994.58703445	    294.84688231	     11.92779603	      0.00000000	      0.00000000
    186.71687317	    987.85446578	    294.90634682	     11.84862108	      0.00000000	      0.00000000
    252.29220581	    980.39447666	    294.97209074	     11.77522881	      0.00000000	      0.00000000
    325.33816528	    972.13351353	    295.04315083	     11.68177881	      0.00000000	      0.00000000
    406.70581055	    962.99179169	    295.12592221	     11.55670261	      0.00000000	      0.00000000
    497.34317017	    952.88327523	    295.23159289	     11.37740530	      0.00000000	      0.00000000
    598.30627441	    941.71581472	    295.37908699	     11.11824931	      0.00000000	      0.00000000
    710.77154541	    929.39168207	    295.60007909	     10.74599193	      0.00000000	      0.00000000
    836.04931641	    915.80842223	    295.92427239	     10.25614796	      0.00000000	      0.00000000
    975.59924316	    900.85930831	    296.35260341	      9.70053617	      0.00000000	      0.00000000
   1131.04724121	    884.43368844	    296.87689324	      9.13680277	      0.00000000	      0.00000000
   1304.20446777	    866.41781794	    297.48971736	      8.59219435	      0.00000000	      0.00000000
   1497.08850098	    846.69614944	    298.18611517	      8.07311572	      0.00000000	      0.00000000
   1711.94665527	    825.15341285	    298.96930150	      7.57211806	      0.00000000	      0.00000000
   1951.28234863	    801.67780504	    299.85603723	      7.07275164	      0.00000000	      0.00000000
   2217.88403320	    776.16519642	    300.87006101	      6.55463263	      0.00000000	      0.00000000
   2514.85815430	    748.52367327	    302.03107184	      6.00224123	      0.00000000	      0.00000000
   2845.66479492	    718.67868999	    303.35484638	      5.40586788	      0.00000000	      0.00000000
   3214.15820312	    686.57922463	    304.85738755	      4.75935808	      0.00000000	      0.00000000
   3624.63183594	    652.20466488	    306.54453504	      4.06853771	      0.00000000	      0.00000000
   4081.86840820	    615.57206073	    308.38284356	      3.36315638	      0.00000000	      0.00000000
   4581.86816406	    577.43977897	    310.27746077	      2.68903737	      0.00000000	      0.00000000
   5081.86816406	    541.22865785	    312.06277282	      2.10679214	      0.00000000	      0.00000000
   5581.86816406	    506.84505453	    313.74685789	      1.60689175	      0.00000000	      0.00000000
   6081.86816406	    474.20562161	    315.28690798	      1.18801952	      0.00000000	      0.00000000
   6581.86816406	    443.22706395	    316.62840205	      0.85232956	      0.00000000	      0.00000000
   7081.86816406	    413.82861964	    317.76366839	      0.59505928	      0.00000000	      0.00000000
   7581.86816406	    385.93590964	    318.72349826	      0.40539642	      0.00000000	      0.00000000
   8081.86816406	    359.48149939	    319.53349991	      0.27131015	      0.00000000	      0.00000000
   8581.86816406	    334.40333420	    320.20962422	      0.17958478	      0.00000000	      0.00000000
   9081.86816406	    310.64389426	    320.77315294	      0.11785690	      0.00000000	      0.00000000
   9581.86816406	    288.15036064	    321.26063324	      0.07663482	      0.00000000	      0.00000000
  10081.86816406	    266.87481888	    321.72053959	      0.04938627	      0.00000000	      0.00000000
  10581.86816406	    246.77415429	    322.21429299	      0.03158819	      0.00000000	      0.00000000
  11081.86816406	    227.81051404	    322.84127986	      0.02005394	      0.00000000	      0.00000000
  11581.86816406	    209.95361949	    323.79859700	      0.01265233	      0.00000000	      0.00000000
  12081.86816406	    193.18469295	    325.43602675	      0.00806726	      0.00000000	      0.00000000
  12581.86816406	    177.49598334	    328.11635324	      0.00546321	      0.00000000	      0.00000000
  13081.86816406	    162.88890163	    332.35744814	      0.00420329	      0.00000000	      0.00000000
  13581.86816406	    149.37112397	    338.71475156	      0.00384390	      0.00000000	      0.00000000
  14081.86816406	    136.94189293	    347.30546305	      0.00411333	      0.00000000	      0.00000000
  14581.86816406	    125.57101172	    357.52381601	      0.00486455	      0.00000000	      0.00000000
  15081.86816406	    115.19180232	    368.40611059	      0.00590331	      0.00000000	      0.00000000
  15581.86816406	    105.71449362	    379.20465034	      0.00703661	      0.00000000	      0.00000000
  16081.86816406	     97.04570500	    389.59353978	      0.00813411	      0.00000000	      0.00000000
  16581.86718750	     89.10058650	    399.53791389	      0.00912009	      0.00000000	      0.00000000
  17081.86718750	     81.80604794	    409.10529495	      0.00993100	      0.00000000	      0.00000000
  17581.86718750	     75.10005946	    418.41808997	      0.01049073	      0.00000000	      0.00000000
  18081.86718750	     68.93114355	    427.79256747	      0.01075551	      0.00000000	      0.00000000
  18581.86718750	     63.26090759	    438.14595940	      0.01079292	      0.00000000	      0.00000000
  19081.86718750	     58.06079835	    449.97021304	      0.01076737	      0.00000000	      0.00000000
  19581.86718750	     53.30094263	    462.72504928	      0.01069610	      0.00000000	      0.00000000
  20081.86718750	     48.94415047	    475.44690889	      0.01057167	      0.00000000	      0.00000000
  20590.05468750	     44.88584117	    487.59083539	      0.01036417	      0.00000000	      0.00000000
  21149.06054688	     40.80585937	    500.22526212	      0.00996892	      0.00000000	      0.00000000
  21763.96679688	     36.73737462	    514.37905077	      0.00919829	      0.00000000	      0.00000000
  22440.36328125	     32.72275228	    531.13086381	      0.00783251	      0.00000000	      0.00000000
  23184.40039062	     28.80991863	    550.99870521	      0.00579953	      0.00000000	      0.00000000
  24002.83984375	     25.04577437	    573.98607719	      0.00337378	      0.00000000	      0.00000000
  24903.12304688	     21.47271823	    600.12806632	      0.00120269	      0.00000000	      0.00000000
  25893.43554688	     18.12905894	    630.00364453	      0.00001761	      0.00000000	      0.00000000
  26982.77929688	     15.05131864	    664.56014170	      0.00000000	      0.00000000	      0.00000000
