      z[m]      p[mb]      tp[K]    q[g/kg]     u[m/s]     v[m/s]
      0.00,         64,    1009.32
     25.00000000	   1006.42622495	    294.80825614	     12.35140044	      0.00000000	      0.00000000
     75.00000000	   1000.65659677	    294.68548591	     11.80376187	      0.00000000	      0.00000000
    127.84809875	    994.58179449	    294.72691283	     11.66141337	      0.00000000	      0.00000000
    186.71687317	    987.84658362	    294.78677591	     11.57937678	      0.00000000	      0.00000000
    252.29220581	    980.38370326	    294.85321871	     11.50776170	      0.00000000	      0.00000000
    325.33816528	    972.11959437	    294.92388914	     11.42018066	      0.00000000	      0.00000000
    406.70581055	    962.97442919	    295.00411792	     11.30513026	      0.00000000	      0.00000000
    497.34317017	    952.86207882	    295.10329792	     11.14218376	      0.00000000	      0.00000000
    598.30627441	    941.69021454	    295.23805376	     10.90657906	      0.00000000	      0.00000000
    710.77154541	    929.36076470	    295.43693706	     10.56246633	      0.00000000	      0.00000000
    836.04931641	    915.77081901	    295.73510806	     10.08830945	      0.00000000	      0.00000000
    975.59924316	    900.81340297	    296.14580713	      9.52031032	      0.00000000	      0.00000000
   1131.04724121	    884.37787844	    296.65871905	      8.93310652	      0.00000000	      0.00000000
   1304.20446777	    866.35056772	    297.26316724	      8.36862400	      0.00000000	      0.00000000
   1497.08850098	    846.61599520	    297.95276876	      7.83458513	      0.00000000	      0.00000000
   1711.94665527	    825.05893778	    298.73001067	      7.32068723	      0.00000000	      0.00000000
   1951.28234863	    801.56756143	    299.60975751	      6.80952319	      0.00000000	      0.00000000
   2217.88403320	    776.03758473	    300.61383229	      6.28205275	      0.00000000	      0.00000000
   2514.85815430	    748.37689995	    301.76204088	      5.72428400	      0.00000000	      0.00000000
   2845.66479492	    718.51088832	    303.07185649	      5.12731783	      0.00000000	      0.00000000
   3214.15820312	    686.38869480	    304.56079732	      4.48549760	      0.00000000	      0.00000000
   3624.63183594	    651.99005513	    306.23432699	      3.80551921	      0.00000000	      0.00000000
   4081.86840820	    615.33245551	    308.05841425	      3.11723511	      0.00000000	      0.00000000
   4581.86816406	    577.17507323	    309.93564496	      2.46503166	      0.00000000	      0.00000000
   5081.86816406	    540.94055099	    311.69417469	      1.90716946	      0.00000000	      0.00000000
   5581.86816406	    506.53427745	    313.34137935	      1.43438495	      0.00000000	      0.00000000
   6081.86816406	    473.87278112	    314.84753300	      1.04465835	      0.00000000	      0.00000000
   6581.86816406	    442.87382285	    316.16933965	      0.73879504	      0.00000000	      0.00000000
   7081.86816406	    413.45799639	    317.30017112	      0.50922579	      0.00000000	      0.00000000
   7581.86816406	    385.55155696	    318.26063742	      0.34370824	      0.00000000	      0.00000000
   8081.86816406	    359.08679163	    319.06841387	      0.22918882	      0.00000000	      0.00000000
   8581.86816406	    334.00109296	    319.73991940	      0.15226397	      0.00000000	      0.00000000
   9081.86816406	    310.23673035	    320.30302959	      0.10108856	      0.00000000	      0.00000000
   9581.86816406	    287.74108943	    320.79923646	      0.06687662	      0.00000000	      0.00000000
  10081.86816406	    266.46657025	    321.27754285	      0.04399384	      0.00000000	      0.00000000
  10581.86816406	    246.37028433	    321.79931115	      0.02885084	      0.00000000	      0.00000000
  11081.86816406	    227.41461128	    322.46771449	      0.01887040	      0.00000000	      0.00000000
  11581.86816406	    209.56974888	    323.48989392	      0.01222599	      0.00000000	      0.00000000
  12081.86816406	    192.81770791	    325.22725331	      0.00791904	      0.00000000	      0.00000000
  12581.86816406	    177.15227079	    328.07975265	      0.00543819	      0.00000000	      0.00000000
  13081.86816406	    162.57652571	    332.57011988	      0.00427690	      0.00000000	      0.00000000
  13581.86816406	    149.09662523	    339.13798666	      0.00398973	      0.00000000	      0.00000000
  14081.86816406	    136.70556807	    347.75458976	      0.00430388	      0.00000000	      0.00000000
  14581.86816406	    125.36696134	    357.84911554	      0.00508755	      0.00000000	      0.00000000
  15081.86816406	    115.01309044	    368.62684075	      0.00613612	      0.00000000	      0.00000000
  15581.86816406	    105.55704473	    379.42814488	      0.00723237	      0.00000000	      0.00000000
  16081.86816406	     96.90760206	    389.84473850	      0.00821947	      0.00000000	      0.00000000
  16581.86718750	     88.97876138	    399.65239706	      0.00901257	      0.00000000	      0.00000000
  17081.86718750	     81.69406022	    408.80168251	      0.00957539	      0.00000000	      0.00000000
  17581.86718750	     74.98969130	    417.57139501	      0.00989456	      0.00000000	      0.00000000
  18081.86718750	     68.81744274	    426.71074958	      0.00999180	      0.00000000	      0.00000000
  18581.86718750	     63.14547257	    437.34186897	      0.00999603	      0.00000000	      0.00000000
  19081.86718750	     57.94781095	    449.42396647	      0.00998654	      0.00000000	      0.00000000
  19581.86718750	     53.19094996	    461.93200013	      0.00998333	      0.00000000	      0.00000000
  20081.86718750	     48.83461683	    474.26263129	      0.00998342	      0.00000000	      0.00000000
  20590.05468750	     44.77641653	    486.53800797	      0.00998403	      0.00000000	      0.00000000
  21149.06054688	     40.70075165	    499.87545761	      0.00998472	      0.00000000	      0.00000000
  21763.96679688	     36.64251983	    514.70370659	      0.00998507	      0.00000000	      0.00000000
  22440.36328125	     32.64143859	    531.68396456	      0.00998504	      0.00000000	      0.00000000
  23184.40039062	     28.74154539	    551.33557549	      0.00998496	      0.00000000	      0.00000000
  24002.83984375	     24.98750906	    573.91036707	      0.00998499	      0.00000000	      0.00000000
  24903.12304688	     21.42196450	    599.77276002	      0.00998499	      0.00000000	      0.00000000
  25893.43554688	     18.08453662	    629.53222943	      0.00998499	      0.00000000	      0.00000000
  26982.77929688	     15.01236584	    663.95456964	      0.00998498	      0.00000000	      0.00000000
  10000.00,         64,    1009.32
     25.00000000	   1006.42622495	    294.80825614	     12.35140044	      0.00000000	      0.00000000
     75.00000000	   1000.65659677	    294.68548591	     11.80376187	      0.00000000	      0.00000000
    127.84809875	    994.58179449	    294.72691283	     11.66141337	      0.00000000	      0.00000000
    186.71687317	    987.84658362	    294.78677591	     11.57937678	      0.00000000	      0.00000000
    252.29220581	    980.38370326	    294.85321871	     11.50776170	      0.00000000	      0.00000000
    325.33816528	    972.11959437	    294.92388914	     11.42018066	      0.00000000	      0.00000000
    406.70581055	    962.97442919	    295.00411792	     11.30513026	      0.00000000	      0.00000000
    497.34317017	    952.86207882	    295.10329792	     11.14218376	      0.00000000	      0.00000000
    598.30627441	    941.69021454	    295.23805376	     10.90657906	      0.00000000	      0.00000000
    710.77154541	    929.36076470	    295.43693706	     10.56246633	      0.00000000	      0.00000000
    836.04931641	    915.77081901	    295.73510806	     10.08830945	      0.00000000	      0.00000000
    975.59924316	    900.81340297	    296.14580713	      9.52031032	      0.00000000	      0.00000000
   1131.04724121	    884.37787844	    296.65871905	      8.93310652	      0.00000000	      0.00000000
   1304.20446777	    866.35056772	    297.26316724	      8.36862400	      0.00000000	      0.00000000
   1497.08850098	    846.61599520	    297.95276876	      7.83458513	      0.00000000	      0.00000000
   1711.94665527	    825.05893778	    298.73001067	      7.32068723	      0.00000000	      0.00000000
   1951.28234863	    801.56756143	    299.60975751	      6.80952319	      0.00000000	      0.00000000
   2217.88403320	    776.03758473	    300.61383229	      6.28205275	      0.00000000	      0.00000000
   2514.85815430	    748.37689995	    301.76204088	      5.72428400	      0.00000000	      0.00000000
   2845.66479492	    718.51088832	    303.07185649	      5.12731783	      0.00000000	      0.00000000
   3214.15820312	    686.38869480	    304.56079732	      4.48549760	      0.00000000	      0.00000000
   3624.63183594	    651.99005513	    306.23432699	      3.80551921	      0.00000000	      0.00000000
   4081.86840820	    615.33245551	    308.05841425	      3.11723511	      0.00000000	      0.00000000
   4581.86816406	    577.17507323	    309.93564496	      2.46503166	      0.00000000	      0.00000000
   5081.86816406	    540.94055099	    311.69417469	      1.90716946	      0.00000000	      0.00000000
   5581.86816406	    506.53427745	    313.34137935	      1.43438495	      0.00000000	      0.00000000
   6081.86816406	    473.87278112	    314.84753300	      1.04465835	      0.00000000	      0.00000000
   6581.86816406	    442.87382285	    316.16933965	      0.73879504	      0.00000000	      0.00000000
   7081.86816406	    413.45799639	    317.30017112	      0.50922579	      0.00000000	      0.00000000
   7581.86816406	    385.55155696	    318.26063742	      0.34370824	      0.00000000	      0.00000000
   8081.86816406	    359.08679163	    319.06841387	      0.22918882	      0.00000000	      0.00000000
   8581.86816406	    334.00109296	    319.73991940	      0.15226397	      0.00000000	      0.00000000
   9081.86816406	    310.23673035	    320.30302959	      0.10108856	      0.00000000	      0.00000000
   9581.86816406	    287.74108943	    320.79923646	      0.06687662	      0.00000000	      0.00000000
  10081.86816406	    266.46657025	    321.27754285	      0.04399384	      0.00000000	      0.00000000
  10581.86816406	    246.37028433	    321.79931115	      0.02885084	      0.00000000	      0.00000000
  11081.86816406	    227.41461128	    322.46771449	      0.01887040	      0.00000000	      0.00000000
  11581.86816406	    209.56974888	    323.48989392	      0.01222599	      0.00000000	      0.00000000
  12081.86816406	    192.81770791	    325.22725331	      0.00791904	      0.00000000	      0.00000000
  12581.86816406	    177.15227079	    328.07975265	      0.00543819	      0.00000000	      0.00000000
  13081.86816406	    162.57652571	    332.57011988	      0.00427690	      0.00000000	      0.00000000
  13581.86816406	    149.09662523	    339.13798666	      0.00398973	      0.00000000	      0.00000000
  14081.86816406	    136.70556807	    347.75458976	      0.00430388	      0.00000000	      0.00000000
  14581.86816406	    125.36696134	    357.84911554	      0.00508755	      0.00000000	      0.00000000
  15081.86816406	    115.01309044	    368.62684075	      0.00613612	      0.00000000	      0.00000000
  15581.86816406	    105.55704473	    379.42814488	      0.00723237	      0.00000000	      0.00000000
  16081.86816406	     96.90760206	    389.84473850	      0.00821947	      0.00000000	      0.00000000
  16581.86718750	     88.97876138	    399.65239706	      0.00901257	      0.00000000	      0.00000000
  17081.86718750	     81.69406022	    408.80168251	      0.00957539	      0.00000000	      0.00000000
  17581.86718750	     74.98969130	    417.57139501	      0.00989456	      0.00000000	      0.00000000
  18081.86718750	     68.81744274	    426.71074958	      0.00999180	      0.00000000	      0.00000000
  18581.86718750	     63.14547257	    437.34186897	      0.00999603	      0.00000000	      0.00000000
  19081.86718750	     57.94781095	    449.42396647	      0.00998654	      0.00000000	      0.00000000
  19581.86718750	     53.19094996	    461.93200013	      0.00998333	      0.00000000	      0.00000000
  20081.86718750	     48.83461683	    474.26263129	      0.00998342	      0.00000000	      0.00000000
  20590.05468750	     44.77641653	    486.53800797	      0.00998403	      0.00000000	      0.00000000
  21149.06054688	     40.70075165	    499.87545761	      0.00998472	      0.00000000	      0.00000000
  21763.96679688	     36.64251983	    514.70370659	      0.00998507	      0.00000000	      0.00000000
  22440.36328125	     32.64143859	    531.68396456	      0.00998504	      0.00000000	      0.00000000
  23184.40039062	     28.74154539	    551.33557549	      0.00998496	      0.00000000	      0.00000000
  24002.83984375	     24.98750906	    573.91036707	      0.00998499	      0.00000000	      0.00000000
  24903.12304688	     21.42196450	    599.77276002	      0.00998499	      0.00000000	      0.00000000
  25893.43554688	     18.08453662	    629.53222943	      0.00998499	      0.00000000	      0.00000000
  26982.77929688	     15.01236584	    663.95456964	      0.00998498	      0.00000000	      0.00000000
