      z[m]      p[mb]      tp[K]    q[g/kg]     u[m/s]     v[m/s]
      0.00,         64,    1009.32
     25.00000000	   1006.42251007	    294.50207061	     12.22546811	      0.00000000	      0.00000000
     75.00000000	   1000.64613018	    294.42088022	     11.80724054	      0.00000000	      0.00000000
    127.84809875	    994.56508795	    294.46815453	     11.73080396	      0.00000000	      0.00000000
    186.71687317	    987.82314051	    294.52025692	     11.67053979	      0.00000000	      0.00000000
    252.29220581	    980.35269869	    294.57792715	     11.61324132	      0.00000000	      0.00000000
    325.33816528	    972.08005019	    294.63897669	     11.53218490	      0.00000000	      0.00000000
    406.70581055	    962.92522086	    294.71028698	     11.41928315	      0.00000000	      0.00000000
    497.34317017	    952.80196488	    294.80227288	     11.25146972	      0.00000000	      0.00000000
    598.30627441	    941.61787882	    294.93452456	     10.99890074	      0.00000000	      0.00000000
    710.77154541	    929.27495400	    295.14042120	     10.62072333	      0.00000000	      0.00000000
    836.04931641	    915.67050585	    295.45447490	     10.10440299	      0.00000000	      0.00000000
    975.59924316	    900.69774560	    295.87809781	      9.51824142	      0.00000000	      0.00000000
   1131.04724121	    884.24596348	    296.39295834	      8.94817985	      0.00000000	      0.00000000
   1304.20446777	    866.20107076	    296.98571718	      8.42150320	      0.00000000	      0.00000000
   1497.08850098	    846.44705016	    297.65826668	      7.92223366	      0.00000000	      0.00000000
   1711.94665527	    824.86857706	    298.42730667	      7.42430827	      0.00000000	      0.00000000
   1951.28234863	    801.35450707	    299.31692992	      6.90591138	      0.00000000	      0.00000000
   2217.88403320	    775.80167344	    300.34442038	      6.35607940	      0.00000000	      0.00000000
   2514.85815430	    748.11873152	    301.51678606	      5.77405031	      0.00000000	      0.00000000
   2845.66479492	    718.23103799	    302.84092146	      5.16096010	      0.00000000	      0.00000000
   3214.15820312	    686.08733103	    304.33556717	      4.51450428	      0.00000000	      0.00000000
   3624.63183594	    651.66750982	    306.01637709	      3.83857788	      0.00000000	      0.00000000
   4081.86840820	    614.98979397	    307.84906316	      3.16081966	      0.00000000	      0.00000000
   4581.86816406	    576.81352666	    309.72012749	      2.52855755	      0.00000000	      0.00000000
   5081.86816406	    540.56210039	    311.46758192	      1.99146467	      0.00000000	      0.00000000
   5581.86816406	    506.14120247	    313.11708859	      1.53019794	      0.00000000	      0.00000000
   6081.86816406	    473.46836566	    314.63837764	      1.13981199	      0.00000000	      0.00000000
   6581.86816406	    442.46160608	    315.97789096	      0.82511616	      0.00000000	      0.00000000
   7081.86816406	    413.04126511	    317.12871640	      0.58220764	      0.00000000	      0.00000000
   7581.86816406	    385.13341125	    318.11204888	      0.40078456	      0.00000000	      0.00000000
   8081.86816406	    358.67003404	    318.94180729	      0.26935855	      0.00000000	      0.00000000
   8581.86816406	    333.58801336	    319.63119751	      0.17705308	      0.00000000	      0.00000000
   9081.86816406	    309.82908949	    320.20801220	      0.11442468	      0.00000000	      0.00000000
   9581.86816406	    287.34026507	    320.71513709	      0.07326583	      0.00000000	      0.00000000
  10081.86816406	    266.07369192	    321.20273877	      0.04672915	      0.00000000	      0.00000000
  10581.86816406	    245.98628183	    321.73207550	      0.02976501	      0.00000000	      0.00000000
  11081.86816406	    227.04009046	    322.40173329	      0.01894880	      0.00000000	      0.00000000
  11581.86816406	    209.20436242	    323.39836001	      0.01202630	      0.00000000	      0.00000000
  12081.86816406	    192.45853996	    325.03076188	      0.00766354	      0.00000000	      0.00000000
  12581.86816406	    176.79302364	    327.68504840	      0.00515386	      0.00000000	      0.00000000
  13081.86816406	    162.21115625	    332.01206067	      0.00398617	      0.00000000	      0.00000000
  13581.86816406	    148.72648303	    338.67298697	      0.00374391	      0.00000000	      0.00000000
  14081.86816406	    136.34202554	    347.69380557	      0.00415399	      0.00000000	      0.00000000
  14581.86816406	    125.02413675	    358.23007534	      0.00506240	      0.00000000	      0.00000000
  15081.86816406	    114.69800292	    369.17820337	      0.00624132	      0.00000000	      0.00000000
  15581.86816406	    105.26761103	    379.86361549	      0.00748150	      0.00000000	      0.00000000
  16081.86816406	     96.63802528	    390.09859601	      0.00864857	      0.00000000	      0.00000000
  16581.86718750	     88.72581192	    399.93260886	      0.00966473	      0.00000000	      0.00000000
  17081.86718750	     81.46025933	    409.49003578	      0.01047485	      0.00000000	      0.00000000
  17581.86718750	     74.78184516	    418.93823307	      0.01103772	      0.00000000	      0.00000000
  18081.86718750	     68.64115032	    428.59886284	      0.01137096	      0.00000000	      0.00000000
  18581.86718750	     62.99982278	    439.18706207	      0.01148809	      0.00000000	      0.00000000
  19081.86718750	     57.82675309	    450.96708344	      0.01149062	      0.00000000	      0.00000000
  19581.86718750	     53.08934266	    463.42532167	      0.01143898	      0.00000000	      0.00000000
  20081.86718750	     48.74986807	    475.81327065	      0.01132791	      0.00000000	      0.00000000
  20590.05468750	     44.70561530	    487.81296962	      0.01112838	      0.00000000	      0.00000000
  21149.06054688	     40.63959534	    500.53143982	      0.01073572	      0.00000000	      0.00000000
  21763.96679688	     36.58610115	    514.84648246	      0.00995468	      0.00000000	      0.00000000
  22440.36328125	     32.58725269	    531.69149696	      0.00853887	      0.00000000	      0.00000000
  23184.40039062	     28.69012060	    551.57612980	      0.00637471	      0.00000000	      0.00000000
  24002.83984375	     24.94110125	    574.58246097	      0.00372523	      0.00000000	      0.00000000
  24903.12304688	     21.38242396	    600.74445356	      0.00131739	      0.00000000	      0.00000000
  25893.43554688	     18.05201590	    630.54958038	      0.00002762	      0.00000000	      0.00000000
  26982.77929688	     14.98611007	    665.02514002	      0.00000000	      0.00000000	      0.00000000
  10000.00,         64,    1009.32
     25.00000000	   1006.42251007	    294.50207061	     12.22546811	      0.00000000	      0.00000000
     75.00000000	   1000.64613018	    294.42088022	     11.80724054	      0.00000000	      0.00000000
    127.84809875	    994.56508795	    294.46815453	     11.73080396	      0.00000000	      0.00000000
    186.71687317	    987.82314051	    294.52025692	     11.67053979	      0.00000000	      0.00000000
    252.29220581	    980.35269869	    294.57792715	     11.61324132	      0.00000000	      0.00000000
    325.33816528	    972.08005019	    294.63897669	     11.53218490	      0.00000000	      0.00000000
    406.70581055	    962.92522086	    294.71028698	     11.41928315	      0.00000000	      0.00000000
    497.34317017	    952.80196488	    294.80227288	     11.25146972	      0.00000000	      0.00000000
    598.30627441	    941.61787882	    294.93452456	     10.99890074	      0.00000000	      0.00000000
    710.77154541	    929.27495400	    295.14042120	     10.62072333	      0.00000000	      0.00000000
    836.04931641	    915.67050585	    295.45447490	     10.10440299	      0.00000000	      0.00000000
    975.59924316	    900.69774560	    295.87809781	      9.51824142	      0.00000000	      0.00000000
   1131.04724121	    884.24596348	    296.39295834	      8.94817985	      0.00000000	      0.00000000
   1304.20446777	    866.20107076	    296.98571718	      8.42150320	      0.00000000	      0.00000000
   1497.08850098	    846.44705016	    297.65826668	      7.92223366	      0.00000000	      0.00000000
   1711.94665527	    824.86857706	    298.42730667	      7.42430827	      0.00000000	      0.00000000
   1951.28234863	    801.35450707	    299.31692992	      6.90591138	      0.00000000	      0.00000000
   2217.88403320	    775.80167344	    300.34442038	      6.35607940	      0.00000000	      0.00000000
   2514.85815430	    748.11873152	    301.51678606	      5.77405031	      0.00000000	      0.00000000
   2845.66479492	    718.23103799	    302.84092146	      5.16096010	      0.00000000	      0.00000000
   3214.15820312	    686.08733103	    304.33556717	      4.51450428	      0.00000000	      0.00000000
   3624.63183594	    651.66750982	    306.01637709	      3.83857788	      0.00000000	      0.00000000
   4081.86840820	    614.98979397	    307.84906316	      3.16081966	      0.00000000	      0.00000000
   4581.86816406	    576.81352666	    309.72012749	      2.52855755	      0.00000000	      0.00000000
   5081.86816406	    540.56210039	    311.46758192	      1.99146467	      0.00000000	      0.00000000
   5581.86816406	    506.14120247	    313.11708859	      1.53019794	      0.00000000	      0.00000000
   6081.86816406	    473.46836566	    314.63837764	      1.13981199	      0.00000000	      0.00000000
   6581.86816406	    442.46160608	    315.97789096	      0.82511616	      0.00000000	      0.00000000
   7081.86816406	    413.04126511	    317.12871640	      0.58220764	      0.00000000	      0.00000000
   7581.86816406	    385.13341125	    318.11204888	      0.40078456	      0.00000000	      0.00000000
   8081.86816406	    358.67003404	    318.94180729	      0.26935855	      0.00000000	      0.00000000
   8581.86816406	    333.58801336	    319.63119751	      0.17705308	      0.00000000	      0.00000000
   9081.86816406	    309.82908949	    320.20801220	      0.11442468	      0.00000000	      0.00000000
   9581.86816406	    287.34026507	    320.71513709	      0.07326583	      0.00000000	      0.00000000
  10081.86816406	    266.07369192	    321.20273877	      0.04672915	      0.00000000	      0.00000000
  10581.86816406	    245.98628183	    321.73207550	      0.02976501	      0.00000000	      0.00000000
  11081.86816406	    227.04009046	    322.40173329	      0.01894880	      0.00000000	      0.00000000
  11581.86816406	    209.20436242	    323.39836001	      0.01202630	      0.00000000	      0.00000000
  12081.86816406	    192.45853996	    325.03076188	      0.00766354	      0.00000000	      0.00000000
  12581.86816406	    176.79302364	    327.68504840	      0.00515386	      0.00000000	      0.00000000
  13081.86816406	    162.21115625	    332.01206067	      0.00398617	      0.00000000	      0.00000000
  13581.86816406	    148.72648303	    338.67298697	      0.00374391	      0.00000000	      0.00000000
  14081.86816406	    136.34202554	    347.69380557	      0.00415399	      0.00000000	      0.00000000
  14581.86816406	    125.02413675	    358.23007534	      0.00506240	      0.00000000	      0.00000000
  15081.86816406	    114.69800292	    369.17820337	      0.00624132	      0.00000000	      0.00000000
  15581.86816406	    105.26761103	    379.86361549	      0.00748150	      0.00000000	      0.00000000
  16081.86816406	     96.63802528	    390.09859601	      0.00864857	      0.00000000	      0.00000000
  16581.86718750	     88.72581192	    399.93260886	      0.00966473	      0.00000000	      0.00000000
  17081.86718750	     81.46025933	    409.49003578	      0.01047485	      0.00000000	      0.00000000
  17581.86718750	     74.78184516	    418.93823307	      0.01103772	      0.00000000	      0.00000000
  18081.86718750	     68.64115032	    428.59886284	      0.01137096	      0.00000000	      0.00000000
  18581.86718750	     62.99982278	    439.18706207	      0.01148809	      0.00000000	      0.00000000
  19081.86718750	     57.82675309	    450.96708344	      0.01149062	      0.00000000	      0.00000000
  19581.86718750	     53.08934266	    463.42532167	      0.01143898	      0.00000000	      0.00000000
  20081.86718750	     48.74986807	    475.81327065	      0.01132791	      0.00000000	      0.00000000
  20590.05468750	     44.70561530	    487.81296962	      0.01112838	      0.00000000	      0.00000000
  21149.06054688	     40.63959534	    500.53143982	      0.01073572	      0.00000000	      0.00000000
  21763.96679688	     36.58610115	    514.84648246	      0.00995468	      0.00000000	      0.00000000
  22440.36328125	     32.58725269	    531.69149696	      0.00853887	      0.00000000	      0.00000000
  23184.40039062	     28.69012060	    551.57612980	      0.00637471	      0.00000000	      0.00000000
  24002.83984375	     24.94110125	    574.58246097	      0.00372523	      0.00000000	      0.00000000
  24903.12304688	     21.38242396	    600.74445356	      0.00131739	      0.00000000	      0.00000000
  25893.43554688	     18.05201590	    630.54958038	      0.00002762	      0.00000000	      0.00000000
  26982.77929688	     14.98611007	    665.02514002	      0.00000000	      0.00000000	      0.00000000
