      z[m]      p[mb]      tp[K]    q[g/kg]     u[m/s]     v[m/s]
      0.00,         28,    1009.32
     66.35856628	   1001.68081681	    296.04784342	     13.23949603	      0.00000000	      0.00000000
    212.21609497	    985.05122011	    296.08591039	     12.87001275	      0.00000000	      0.00000000
    383.95980835	    965.72616516	    296.24944044	     12.63476687	      0.00000000	      0.00000000
    580.98242188	    943.90262810	    296.50281107	     12.18171988	      0.00000000	      0.00000000
    802.94232178	    919.76289953	    297.01479290	     11.34220910	      0.00000000	      0.00000000
   1049.62597656	    893.49940857	    297.84966618	     10.30120019	      0.00000000	      0.00000000
   1320.76403809	    865.31409039	    298.89218932	      9.33161140	      0.00000000	      0.00000000
   1716.45898438	    825.44266124	    300.48100242	      8.20853595	      0.00000000	      0.00000000
   2333.58300781	    766.23461498	    303.06625406	      6.72473631	      0.00000000	      0.00000000
   3163.64599609	    692.11552915	    306.57480860	      4.99008860	      0.00000000	      0.00000000
   4195.30810547	    608.25267389	    310.83103648	      3.25176846	      0.00000000	      0.00000000
   5398.39013672	    521.09770204	    315.60779614	      1.78276488	      0.00000000	      0.00000000
   6655.89111328	    441.06324261	    320.08010004	      0.82830923	      0.00000000	      0.00000000
   7873.84082031	    373.10369798	    323.47492972	      0.35559937	      0.00000000	      0.00000000
   9050.42382812	    315.35769167	    325.71850191	      0.15542858	      0.00000000	      0.00000000
  10184.29003906	    266.29224595	    327.11496386	      0.07013158	      0.00000000	      0.00000000
  11275.59960938	    224.64251032	    328.69666660	      0.02721745	      0.00000000	      0.00000000
  12329.95019531	    189.32297796	    332.77404380	      0.00684324	      0.00000000	      0.00000000
  13348.45996094	    159.69304601	    341.55395260	      0.00101881	      0.00000000	      0.00000000
  14344.48046875	    134.85005221	    355.39801006	      0.00124621	      0.00000000	      0.00000000
  15342.76953125	    113.74422045	    373.23826478	      0.00314854	      0.00000000	      0.00000000
  16352.05957031	     95.78293578	    392.98302491	      0.00473637	      0.00000000	      0.00000000
  17380.08984375	     80.38929144	    412.80113612	      0.00540311	      0.00000000	      0.00000000
  18683.19921875	     64.28362151	    437.31910723	      0.00526905	      0.00000000	      0.00000000
  20526.05078125	     46.71193416	    474.51825623	      0.00407600	      0.00000000	      0.00000000
  22972.43945312	     30.45309676	    532.97335365	      0.00198430	      0.00000000	      0.00000000
  26213.09960938	     17.21866475	    625.27413925	      0.00028691	      0.00000000	      0.00000000
  30354.50000000	      8.31914686	    766.57399728	      0.00000000	      0.00000000	      0.00000000
  10000.00,         28,    1009.32
     66.35856628	   1001.68081681	    296.04784342	     13.23949603	      0.00000000	      0.00000000
    212.21609497	    985.05122011	    296.08591039	     12.87001275	      0.00000000	      0.00000000
    383.95980835	    965.72616516	    296.24944044	     12.63476687	      0.00000000	      0.00000000
    580.98242188	    943.90262810	    296.50281107	     12.18171988	      0.00000000	      0.00000000
    802.94232178	    919.76289953	    297.01479290	     11.34220910	      0.00000000	      0.00000000
   1049.62597656	    893.49940857	    297.84966618	     10.30120019	      0.00000000	      0.00000000
   1320.76403809	    865.31409039	    298.89218932	      9.33161140	      0.00000000	      0.00000000
   1716.45898438	    825.44266124	    300.48100242	      8.20853595	      0.00000000	      0.00000000
   2333.58300781	    766.23461498	    303.06625406	      6.72473631	      0.00000000	      0.00000000
   3163.64599609	    692.11552915	    306.57480860	      4.99008860	      0.00000000	      0.00000000
   4195.30810547	    608.25267389	    310.83103648	      3.25176846	      0.00000000	      0.00000000
   5398.39013672	    521.09770204	    315.60779614	      1.78276488	      0.00000000	      0.00000000
   6655.89111328	    441.06324261	    320.08010004	      0.82830923	      0.00000000	      0.00000000
   7873.84082031	    373.10369798	    323.47492972	      0.35559937	      0.00000000	      0.00000000
   9050.42382812	    315.35769167	    325.71850191	      0.15542858	      0.00000000	      0.00000000
  10184.29003906	    266.29224595	    327.11496386	      0.07013158	      0.00000000	      0.00000000
  11275.59960938	    224.64251032	    328.69666660	      0.02721745	      0.00000000	      0.00000000
  12329.95019531	    189.32297796	    332.77404380	      0.00684324	      0.00000000	      0.00000000
  13348.45996094	    159.69304601	    341.55395260	      0.00101881	      0.00000000	      0.00000000
  14344.48046875	    134.85005221	    355.39801006	      0.00124621	      0.00000000	      0.00000000
  15342.76953125	    113.74422045	    373.23826478	      0.00314854	      0.00000000	      0.00000000
  16352.05957031	     95.78293578	    392.98302491	      0.00473637	      0.00000000	      0.00000000
  17380.08984375	     80.38929144	    412.80113612	      0.00540311	      0.00000000	      0.00000000
  18683.19921875	     64.28362151	    437.31910723	      0.00526905	      0.00000000	      0.00000000
  20526.05078125	     46.71193416	    474.51825623	      0.00407600	      0.00000000	      0.00000000
  22972.43945312	     30.45309676	    532.97335365	      0.00198430	      0.00000000	      0.00000000
  26213.09960938	     17.21866475	    625.27413925	      0.00028691	      0.00000000	      0.00000000
  30354.50000000	      8.31914686	    766.57399728	      0.00000000	      0.00000000	      0.00000000
