      z[m]      p[mb]      tp[K]    q[g/kg]     u[m/s]     v[m/s]
      0.00,         64,    1009.32
     25.00000000	   1006.43028241	    295.21594458	     12.66777592	      0.00000000	      0.00000000
     75.00000000	   1000.66797421	    295.05164483	     11.92790834	      0.00000000	      0.00000000
    127.84809875	    994.59979689	    295.08683136	     11.67503495	      0.00000000	      0.00000000
    186.71687317	    987.87169956	    295.16342872	     11.55148599	      0.00000000	      0.00000000
    252.29220581	    980.41701638	    295.25525388	     11.44830907	      0.00000000	      0.00000000
    325.33816528	    972.16257110	    295.35884073	     11.32850172	      0.00000000	      0.00000000
    406.70581055	    963.02890806	    295.47831093	     11.16736549	      0.00000000	      0.00000000
    497.34317017	    952.93029700	    295.62358072	     10.94716688	      0.00000000	      0.00000000
    598.30627441	    941.77490765	    295.81072403	     10.65016352	      0.00000000	      0.00000000
    710.77154541	    929.46519646	    296.06141091	     10.26254027	      0.00000000	      0.00000000
    836.04931641	    915.89856521	    296.39706870	      9.78620321	      0.00000000	      0.00000000
    975.59924316	    900.96795296	    296.82569614	      9.25224403	      0.00000000	      0.00000000
   1131.04724121	    884.56225484	    297.33854345	      8.70823175	      0.00000000	      0.00000000
   1304.20446777	    866.56702479	    297.92868528	      8.17954772	      0.00000000	      0.00000000
   1497.08850098	    846.86594198	    298.59673576	      7.66489078	      0.00000000	      0.00000000
   1711.94665527	    825.34300559	    299.34914421	      7.15273851	      0.00000000	      0.00000000
   1951.28234863	    801.88545916	    300.19741164	      6.63208976	      0.00000000	      0.00000000
   2217.88403320	    776.38753770	    301.15523920	      6.09487781	      0.00000000	      0.00000000
   2514.85815430	    748.75491629	    302.23720810	      5.53559248	      0.00000000	      0.00000000
   2845.66479492	    718.91029095	    303.46180401	      4.94796085	      0.00000000	      0.00000000
   3214.15820312	    686.80040840	    304.85787006	      4.32191435	      0.00000000	      0.00000000
   3624.63183594	    652.40429642	    306.45502549	      3.65836072	      0.00000000	      0.00000000
   4081.86840820	    615.74203940	    308.25043702	      2.98164439	      0.00000000	      0.00000000
   4581.86816406	    577.57876055	    310.16115510	      2.32729864	      0.00000000	      0.00000000
   5081.86816406	    541.34193660	    311.97177649	      1.75988911	      0.00000000	      0.00000000
   5581.86816406	    506.93617214	    313.64857397	      1.28915729	      0.00000000	      0.00000000
   6081.86816406	    474.27553823	    315.16351621	      0.91788951	      0.00000000	      0.00000000
   6581.86816406	    443.27668936	    316.49055978	      0.63888468	      0.00000000	      0.00000000
   7081.86816406	    413.86015534	    317.62725498	      0.43519994	      0.00000000	      0.00000000
   7581.86816406	    385.95181333	    318.58463733	      0.29177835	      0.00000000	      0.00000000
   8081.86816406	    359.48329042	    319.38154335	      0.19477197	      0.00000000	      0.00000000
   8581.86816406	    334.39197680	    320.04640500	      0.13111388	      0.00000000	      0.00000000
   9081.86816406	    310.62085881	    320.61420467	      0.08948892	      0.00000000	      0.00000000
   9581.86816406	    288.11801835	    321.12252186	      0.06128773	      0.00000000	      0.00000000
  10081.86816406	    266.83592490	    321.60911250	      0.04136616	      0.00000000	      0.00000000
  10581.86816406	    246.73100260	    322.12173510	      0.02721342	      0.00000000	      0.00000000
  11081.86816406	    227.76467914	    322.76147863	      0.01743790	      0.00000000	      0.00000000
  11581.86816406	    209.90761311	    323.77952593	      0.01100930	      0.00000000	      0.00000000
  12081.86816406	    193.14644754	    325.66089053	      0.00712743	      0.00000000	      0.00000000
  12581.86816406	    177.48362325	    328.90884100	      0.00514674	      0.00000000	      0.00000000
  13081.86816406	    162.92789096	    333.93616998	      0.00439470	      0.00000000	      0.00000000
  13581.86816406	    149.48024981	    340.87217436	      0.00423237	      0.00000000	      0.00000000
  14081.86816406	    137.12030827	    349.49255787	      0.00436570	      0.00000000	      0.00000000
  14581.86816406	    125.79866934	    359.17902261	      0.00472020	      0.00000000	      0.00000000
  15081.86816406	    115.44158988	    369.32233358	      0.00521192	      0.00000000	      0.00000000
  15581.86816406	    105.96438093	    379.49570207	      0.00569476	      0.00000000	      0.00000000
  16081.86816406	     97.28265418	    389.46826910	      0.00602111	      0.00000000	      0.00000000
  16581.86718750	     89.31830367	    399.12825104	      0.00613769	      0.00000000	      0.00000000
  17081.86718750	     82.00097745	    408.38435541	      0.00615008	      0.00000000	      0.00000000
  17581.86718750	     75.26823032	    417.20862503	      0.00613666	      0.00000000	      0.00000000
  18081.86718750	     69.06773329	    425.95917328	      0.00611838	      0.00000000	      0.00000000
  18581.86718750	     63.36611309	    436.33867807	      0.00609815	      0.00000000	      0.00000000
  19081.86718750	     58.14452153	    449.12361177	      0.00607773	      0.00000000	      0.00000000
  19581.86718750	     53.37780606	    463.22262255	      0.00606053	      0.00000000	      0.00000000
  20081.86718750	     49.02529029	    476.92674695	      0.00604759	      0.00000000	      0.00000000
  20590.05468750	     44.97479724	    489.22358635	      0.00602843	      0.00000000	      0.00000000
  21149.06054688	     40.89955192	    501.24142423	      0.00594969	      0.00000000	      0.00000000
  21763.96679688	     36.82873733	    514.50189957	      0.00564878	      0.00000000	      0.00000000
  22440.36328125	     32.80537584	    530.59510556	      0.00493418	      0.00000000	      0.00000000
  23184.40039062	     28.88094525	    550.25795210	      0.00372847	      0.00000000	      0.00000000
  24002.83984375	     25.10602006	    573.47181535	      0.00220229	      0.00000000	      0.00000000
  24903.12304688	     21.52567192	    600.30373087	      0.00079559	      0.00000000	      0.00000000
  25893.43554688	     18.18006620	    631.45192855	      0.00001793	      0.00000000	      0.00000000
  26982.77929688	     15.10558736	    667.47553467	      0.00000000	      0.00000000	      0.00000000
  10000.00,         64,    1009.32
     25.00000000	   1006.43028241	    295.21594458	     12.66777592	      0.00000000	      0.00000000
     75.00000000	   1000.66797421	    295.05164483	     11.92790834	      0.00000000	      0.00000000
    127.84809875	    994.59979689	    295.08683136	     11.67503495	      0.00000000	      0.00000000
    186.71687317	    987.87169956	    295.16342872	     11.55148599	      0.00000000	      0.00000000
    252.29220581	    980.41701638	    295.25525388	     11.44830907	      0.00000000	      0.00000000
    325.33816528	    972.16257110	    295.35884073	     11.32850172	      0.00000000	      0.00000000
    406.70581055	    963.02890806	    295.47831093	     11.16736549	      0.00000000	      0.00000000
    497.34317017	    952.93029700	    295.62358072	     10.94716688	      0.00000000	      0.00000000
    598.30627441	    941.77490765	    295.81072403	     10.65016352	      0.00000000	      0.00000000
    710.77154541	    929.46519646	    296.06141091	     10.26254027	      0.00000000	      0.00000000
    836.04931641	    915.89856521	    296.39706870	      9.78620321	      0.00000000	      0.00000000
    975.59924316	    900.96795296	    296.82569614	      9.25224403	      0.00000000	      0.00000000
   1131.04724121	    884.56225484	    297.33854345	      8.70823175	      0.00000000	      0.00000000
   1304.20446777	    866.56702479	    297.92868528	      8.17954772	      0.00000000	      0.00000000
   1497.08850098	    846.86594198	    298.59673576	      7.66489078	      0.00000000	      0.00000000
   1711.94665527	    825.34300559	    299.34914421	      7.15273851	      0.00000000	      0.00000000
   1951.28234863	    801.88545916	    300.19741164	      6.63208976	      0.00000000	      0.00000000
   2217.88403320	    776.38753770	    301.15523920	      6.09487781	      0.00000000	      0.00000000
   2514.85815430	    748.75491629	    302.23720810	      5.53559248	      0.00000000	      0.00000000
   2845.66479492	    718.91029095	    303.46180401	      4.94796085	      0.00000000	      0.00000000
   3214.15820312	    686.80040840	    304.85787006	      4.32191435	      0.00000000	      0.00000000
   3624.63183594	    652.40429642	    306.45502549	      3.65836072	      0.00000000	      0.00000000
   4081.86840820	    615.74203940	    308.25043702	      2.98164439	      0.00000000	      0.00000000
   4581.86816406	    577.57876055	    310.16115510	      2.32729864	      0.00000000	      0.00000000
   5081.86816406	    541.34193660	    311.97177649	      1.75988911	      0.00000000	      0.00000000
   5581.86816406	    506.93617214	    313.64857397	      1.28915729	      0.00000000	      0.00000000
   6081.86816406	    474.27553823	    315.16351621	      0.91788951	      0.00000000	      0.00000000
   6581.86816406	    443.27668936	    316.49055978	      0.63888468	      0.00000000	      0.00000000
   7081.86816406	    413.86015534	    317.62725498	      0.43519994	      0.00000000	      0.00000000
   7581.86816406	    385.95181333	    318.58463733	      0.29177835	      0.00000000	      0.00000000
   8081.86816406	    359.48329042	    319.38154335	      0.19477197	      0.00000000	      0.00000000
   8581.86816406	    334.39197680	    320.04640500	      0.13111388	      0.00000000	      0.00000000
   9081.86816406	    310.62085881	    320.61420467	      0.08948892	      0.00000000	      0.00000000
   9581.86816406	    288.11801835	    321.12252186	      0.06128773	      0.00000000	      0.00000000
  10081.86816406	    266.83592490	    321.60911250	      0.04136616	      0.00000000	      0.00000000
  10581.86816406	    246.73100260	    322.12173510	      0.02721342	      0.00000000	      0.00000000
  11081.86816406	    227.76467914	    322.76147863	      0.01743790	      0.00000000	      0.00000000
  11581.86816406	    209.90761311	    323.77952593	      0.01100930	      0.00000000	      0.00000000
  12081.86816406	    193.14644754	    325.66089053	      0.00712743	      0.00000000	      0.00000000
  12581.86816406	    177.48362325	    328.90884100	      0.00514674	      0.00000000	      0.00000000
  13081.86816406	    162.92789096	    333.93616998	      0.00439470	      0.00000000	      0.00000000
  13581.86816406	    149.48024981	    340.87217436	      0.00423237	      0.00000000	      0.00000000
  14081.86816406	    137.12030827	    349.49255787	      0.00436570	      0.00000000	      0.00000000
  14581.86816406	    125.79866934	    359.17902261	      0.00472020	      0.00000000	      0.00000000
  15081.86816406	    115.44158988	    369.32233358	      0.00521192	      0.00000000	      0.00000000
  15581.86816406	    105.96438093	    379.49570207	      0.00569476	      0.00000000	      0.00000000
  16081.86816406	     97.28265418	    389.46826910	      0.00602111	      0.00000000	      0.00000000
  16581.86718750	     89.31830367	    399.12825104	      0.00613769	      0.00000000	      0.00000000
  17081.86718750	     82.00097745	    408.38435541	      0.00615008	      0.00000000	      0.00000000
  17581.86718750	     75.26823032	    417.20862503	      0.00613666	      0.00000000	      0.00000000
  18081.86718750	     69.06773329	    425.95917328	      0.00611838	      0.00000000	      0.00000000
  18581.86718750	     63.36611309	    436.33867807	      0.00609815	      0.00000000	      0.00000000
  19081.86718750	     58.14452153	    449.12361177	      0.00607773	      0.00000000	      0.00000000
  19581.86718750	     53.37780606	    463.22262255	      0.00606053	      0.00000000	      0.00000000
  20081.86718750	     49.02529029	    476.92674695	      0.00604759	      0.00000000	      0.00000000
  20590.05468750	     44.97479724	    489.22358635	      0.00602843	      0.00000000	      0.00000000
  21149.06054688	     40.89955192	    501.24142423	      0.00594969	      0.00000000	      0.00000000
  21763.96679688	     36.82873733	    514.50189957	      0.00564878	      0.00000000	      0.00000000
  22440.36328125	     32.80537584	    530.59510556	      0.00493418	      0.00000000	      0.00000000
  23184.40039062	     28.88094525	    550.25795210	      0.00372847	      0.00000000	      0.00000000
  24002.83984375	     25.10602006	    573.47181535	      0.00220229	      0.00000000	      0.00000000
  24903.12304688	     21.52567192	    600.30373087	      0.00079559	      0.00000000	      0.00000000
  25893.43554688	     18.18006620	    631.45192855	      0.00001793	      0.00000000	      0.00000000
  26982.77929688	     15.10558736	    667.47553467	      0.00000000	      0.00000000	      0.00000000
