      z[m]      p[mb]      tp[K]    q[g/kg]     u[m/s]     v[m/s]
      0.00,         64,    1009.32
     25.00000000	   1006.42623523	    294.85880238	     12.35222731	      0.00000000	      0.00000000
     75.00000000	   1000.65662694	    294.73633610	     11.80445519	      0.00000000	      0.00000000
    127.84809875	    994.58184591	    294.77812153	     11.66206095	      0.00000000	      0.00000000
    186.71687317	    987.84665776	    294.83840501	     11.57999450	      0.00000000	      0.00000000
    252.29220581	    980.38380363	    294.90530960	     11.50834119	      0.00000000	      0.00000000
    325.33816528	    972.11972542	    294.97648675	     11.42073023	      0.00000000	      0.00000000
    406.70581055	    962.97459313	    295.05727514	     11.30565657	      0.00000000	      0.00000000
    497.34317017	    952.86228055	    295.15705031	     11.14274551	      0.00000000	      0.00000000
    598.30627441	    941.69045671	    295.29243056	     10.90722885	      0.00000000	      0.00000000
    710.77154541	    929.36104941	    295.49199152	     10.56320011	      0.00000000	      0.00000000
    836.04931641	    915.77114720	    295.79093734	     10.08909244	      0.00000000	      0.00000000
    975.59924316	    900.81377637	    296.20256595	      9.52101171	      0.00000000	      0.00000000
   1131.04724121	    884.37830026	    296.71653821	      8.93373887	      0.00000000	      0.00000000
   1304.20446777	    866.35104092	    297.32217277	      8.36919546	      0.00000000	      0.00000000
   1497.08850098	    846.61652334	    298.01311799	      7.83509217	      0.00000000	      0.00000000
   1711.94665527	    825.05952429	    298.79191158	      7.32107503	      0.00000000	      0.00000000
   1951.28234863	    801.56821315	    299.67342948	      6.80973412	      0.00000000	      0.00000000
   2217.88403320	    776.03830912	    300.67949089	      6.28210014	      0.00000000	      0.00000000
   2514.85815430	    748.37770551	    301.82997654	      5.72414386	      0.00000000	      0.00000000
   2845.66479492	    718.51178848	    303.14238542	      5.12704727	      0.00000000	      0.00000000
   3214.15820312	    686.38970037	    304.63415338	      4.48514388	      0.00000000	      0.00000000
   3624.63183594	    651.99116039	    306.31071501	      3.80514002	      0.00000000	      0.00000000
   4081.86840820	    615.33364363	    308.13820711	      3.11684239	      0.00000000	      0.00000000
   4581.86816406	    577.17632183	    310.01939137	      2.46455115	      0.00000000	      0.00000000
   5081.86816406	    540.94185309	    311.78217505	      1.90648558	      0.00000000	      0.00000000
   5581.86816406	    506.53564116	    313.43383445	      1.43356164	      0.00000000	      0.00000000
   6081.86816406	    473.87421857	    314.94450675	      1.04383883	      0.00000000	      0.00000000
   6581.86816406	    442.87533961	    316.27083359	      0.73808447	      0.00000000	      0.00000000
   7081.86816406	    413.45958585	    317.40612346	      0.50867860	      0.00000000	      0.00000000
   7581.86816406	    385.55320268	    318.37104764	      0.34329288	      0.00000000	      0.00000000
   8081.86816406	    359.08847182	    319.18335102	      0.22888096	      0.00000000	      0.00000000
   8581.86816406	    334.00278771	    319.85948765	      0.15206845	      0.00000000	      0.00000000
   9081.86816406	    310.23842099	    320.42733385	      0.10097825	      0.00000000	      0.00000000
   9581.86816406	    287.74275864	    320.92839368	      0.06681790	      0.00000000	      0.00000000
  10081.86816406	    266.46820057	    321.41164626	      0.04396574	      0.00000000	      0.00000000
  10581.86816406	    246.37185505	    321.93839224	      0.02883803	      0.00000000	      0.00000000
  11081.86816406	    227.41609434	    322.61172090	      0.01886367	      0.00000000	      0.00000000
  11581.86816406	    209.57110450	    323.63868608	      0.01222269	      0.00000000	      0.00000000
  12081.86816406	    192.81888438	    325.38076054	      0.00791702	      0.00000000	      0.00000000
  12581.86816406	    177.15322191	    328.23856292	      0.00543631	      0.00000000	      0.00000000
  13081.86816406	    162.57724573	    332.73597458	      0.00427539	      0.00000000	      0.00000000
  13581.86816406	    149.09717831	    339.31378911	      0.00398895	      0.00000000	      0.00000000
  14081.86816406	    136.70607129	    347.94266695	      0.00430415	      0.00000000	      0.00000000
  14581.86816406	    125.36751776	    358.04949054	      0.00508899	      0.00000000	      0.00000000
  15081.86816406	    115.01373283	    368.83761498	      0.00613835	      0.00000000	      0.00000000
  15581.86816406	    105.55774185	    379.64766210	      0.00723465	      0.00000000	      0.00000000
  16081.86816406	     96.90830237	    390.07270190	      0.00822125	      0.00000000	      0.00000000
  16581.86718750	     88.97942258	    399.88901921	      0.00901362	      0.00000000	      0.00000000
  17081.86718750	     81.69465411	    409.04730296	      0.00957571	      0.00000000	      0.00000000
  17581.86718750	     74.99020436	    417.82677277	      0.00989422	      0.00000000	      0.00000000
  18081.86718750	     68.81787727	    426.97737161	      0.00999096	      0.00000000	      0.00000000
  18581.86718750	     63.14584658	    437.62184592	      0.00999511	      0.00000000	      0.00000000
  19081.86718750	     57.94814486	    449.71796736	      0.00998562	      0.00000000	      0.00000000
  19581.86718750	     53.19125426	    462.23963961	      0.00998247	      0.00000000	      0.00000000
  20081.86718750	     48.83489448	    474.58392441	      0.00998258	      0.00000000	      0.00000000
  20590.05468750	     44.77667020	    486.87384320	      0.00998318	      0.00000000	      0.00000000
  21149.06054688	     40.70098477	    500.22785971	      0.00998390	      0.00000000	      0.00000000
  21763.96679688	     36.64273354	    515.07413596	      0.00998434	      0.00000000	      0.00000000
  22440.36328125	     32.64162992	    532.07487894	      0.00998439	      0.00000000	      0.00000000
  23184.40039062	     28.74171127	    551.75046037	      0.00998428	      0.00000000	      0.00000000
  24002.83984375	     24.98764894	    574.35359615	      0.00998429	      0.00000000	      0.00000000
  24903.12304688	     21.42208087	    600.24940902	      0.00998430	      0.00000000	      0.00000000
  25893.43554688	     18.08463326	    630.04812120	      0.00998430	      0.00000000	      0.00000000
  26982.77929688	     15.01244645	    664.51672612	      0.00998429	      0.00000000	      0.00000000
  10000.00,         64,    1009.32
     25.00000000	   1006.42623523	    294.85880238	     12.35222731	      0.00000000	      0.00000000
     75.00000000	   1000.65662694	    294.73633610	     11.80445519	      0.00000000	      0.00000000
    127.84809875	    994.58184591	    294.77812153	     11.66206095	      0.00000000	      0.00000000
    186.71687317	    987.84665776	    294.83840501	     11.57999450	      0.00000000	      0.00000000
    252.29220581	    980.38380363	    294.90530960	     11.50834119	      0.00000000	      0.00000000
    325.33816528	    972.11972542	    294.97648675	     11.42073023	      0.00000000	      0.00000000
    406.70581055	    962.97459313	    295.05727514	     11.30565657	      0.00000000	      0.00000000
    497.34317017	    952.86228055	    295.15705031	     11.14274551	      0.00000000	      0.00000000
    598.30627441	    941.69045671	    295.29243056	     10.90722885	      0.00000000	      0.00000000
    710.77154541	    929.36104941	    295.49199152	     10.56320011	      0.00000000	      0.00000000
    836.04931641	    915.77114720	    295.79093734	     10.08909244	      0.00000000	      0.00000000
    975.59924316	    900.81377637	    296.20256595	      9.52101171	      0.00000000	      0.00000000
   1131.04724121	    884.37830026	    296.71653821	      8.93373887	      0.00000000	      0.00000000
   1304.20446777	    866.35104092	    297.32217277	      8.36919546	      0.00000000	      0.00000000
   1497.08850098	    846.61652334	    298.01311799	      7.83509217	      0.00000000	      0.00000000
   1711.94665527	    825.05952429	    298.79191158	      7.32107503	      0.00000000	      0.00000000
   1951.28234863	    801.56821315	    299.67342948	      6.80973412	      0.00000000	      0.00000000
   2217.88403320	    776.03830912	    300.67949089	      6.28210014	      0.00000000	      0.00000000
   2514.85815430	    748.37770551	    301.82997654	      5.72414386	      0.00000000	      0.00000000
   2845.66479492	    718.51178848	    303.14238542	      5.12704727	      0.00000000	      0.00000000
   3214.15820312	    686.38970037	    304.63415338	      4.48514388	      0.00000000	      0.00000000
   3624.63183594	    651.99116039	    306.31071501	      3.80514002	      0.00000000	      0.00000000
   4081.86840820	    615.33364363	    308.13820711	      3.11684239	      0.00000000	      0.00000000
   4581.86816406	    577.17632183	    310.01939137	      2.46455115	      0.00000000	      0.00000000
   5081.86816406	    540.94185309	    311.78217505	      1.90648558	      0.00000000	      0.00000000
   5581.86816406	    506.53564116	    313.43383445	      1.43356164	      0.00000000	      0.00000000
   6081.86816406	    473.87421857	    314.94450675	      1.04383883	      0.00000000	      0.00000000
   6581.86816406	    442.87533961	    316.27083359	      0.73808447	      0.00000000	      0.00000000
   7081.86816406	    413.45958585	    317.40612346	      0.50867860	      0.00000000	      0.00000000
   7581.86816406	    385.55320268	    318.37104764	      0.34329288	      0.00000000	      0.00000000
   8081.86816406	    359.08847182	    319.18335102	      0.22888096	      0.00000000	      0.00000000
   8581.86816406	    334.00278771	    319.85948765	      0.15206845	      0.00000000	      0.00000000
   9081.86816406	    310.23842099	    320.42733385	      0.10097825	      0.00000000	      0.00000000
   9581.86816406	    287.74275864	    320.92839368	      0.06681790	      0.00000000	      0.00000000
  10081.86816406	    266.46820057	    321.41164626	      0.04396574	      0.00000000	      0.00000000
  10581.86816406	    246.37185505	    321.93839224	      0.02883803	      0.00000000	      0.00000000
  11081.86816406	    227.41609434	    322.61172090	      0.01886367	      0.00000000	      0.00000000
  11581.86816406	    209.57110450	    323.63868608	      0.01222269	      0.00000000	      0.00000000
  12081.86816406	    192.81888438	    325.38076054	      0.00791702	      0.00000000	      0.00000000
  12581.86816406	    177.15322191	    328.23856292	      0.00543631	      0.00000000	      0.00000000
  13081.86816406	    162.57724573	    332.73597458	      0.00427539	      0.00000000	      0.00000000
  13581.86816406	    149.09717831	    339.31378911	      0.00398895	      0.00000000	      0.00000000
  14081.86816406	    136.70607129	    347.94266695	      0.00430415	      0.00000000	      0.00000000
  14581.86816406	    125.36751776	    358.04949054	      0.00508899	      0.00000000	      0.00000000
  15081.86816406	    115.01373283	    368.83761498	      0.00613835	      0.00000000	      0.00000000
  15581.86816406	    105.55774185	    379.64766210	      0.00723465	      0.00000000	      0.00000000
  16081.86816406	     96.90830237	    390.07270190	      0.00822125	      0.00000000	      0.00000000
  16581.86718750	     88.97942258	    399.88901921	      0.00901362	      0.00000000	      0.00000000
  17081.86718750	     81.69465411	    409.04730296	      0.00957571	      0.00000000	      0.00000000
  17581.86718750	     74.99020436	    417.82677277	      0.00989422	      0.00000000	      0.00000000
  18081.86718750	     68.81787727	    426.97737161	      0.00999096	      0.00000000	      0.00000000
  18581.86718750	     63.14584658	    437.62184592	      0.00999511	      0.00000000	      0.00000000
  19081.86718750	     57.94814486	    449.71796736	      0.00998562	      0.00000000	      0.00000000
  19581.86718750	     53.19125426	    462.23963961	      0.00998247	      0.00000000	      0.00000000
  20081.86718750	     48.83489448	    474.58392441	      0.00998258	      0.00000000	      0.00000000
  20590.05468750	     44.77667020	    486.87384320	      0.00998318	      0.00000000	      0.00000000
  21149.06054688	     40.70098477	    500.22785971	      0.00998390	      0.00000000	      0.00000000
  21763.96679688	     36.64273354	    515.07413596	      0.00998434	      0.00000000	      0.00000000
  22440.36328125	     32.64162992	    532.07487894	      0.00998439	      0.00000000	      0.00000000
  23184.40039062	     28.74171127	    551.75046037	      0.00998428	      0.00000000	      0.00000000
  24002.83984375	     24.98764894	    574.35359615	      0.00998429	      0.00000000	      0.00000000
  24903.12304688	     21.42208087	    600.24940902	      0.00998430	      0.00000000	      0.00000000
  25893.43554688	     18.08463326	    630.04812120	      0.00998430	      0.00000000	      0.00000000
  26982.77929688	     15.01244645	    664.51672612	      0.00998429	      0.00000000	      0.00000000
