      z[m]      p[mb]      tp[K]    q[g/kg]     u[m/s]     v[m/s]
      0.00,         64,    1009.32
     25.00000000	   1006.42781350	    294.93319870	     12.55764251	      0.00000000	      0.00000000
     75.00000000	   1000.66146458	    294.82130078	     12.02040846	      0.00000000	      0.00000000
    127.84809875	    994.59024164	    294.86400914	     11.87961768	      0.00000000	      0.00000000
    186.71687317	    987.85899960	    294.92451031	     11.79798381	      0.00000000	      0.00000000
    252.29220581	    980.40050405	    294.99189517	     11.72480631	      0.00000000	      0.00000000
    325.33816528	    972.14124065	    295.06453019	     11.63404444	      0.00000000	      0.00000000
    406.70581055	    963.00144352	    295.14803573	     11.51283065	      0.00000000	      0.00000000
    497.34317017	    952.89507025	    295.25276736	     11.33955781	      0.00000000	      0.00000000
    598.30627441	    941.72992546	    295.39689008	     11.08744206	      0.00000000	      0.00000000
    710.77154541	    929.40815858	    295.61087994	     10.72039981	      0.00000000	      0.00000000
    836.04931641	    915.82714856	    295.92773163	     10.22429692	      0.00000000	      0.00000000
    975.59924316	    900.88012191	    296.35369293	      9.64832888	      0.00000000	      0.00000000
   1131.04724121	    884.45648625	    296.87720257	      9.06462871	      0.00000000	      0.00000000
   1304.20446777	    866.44254081	    297.48925472	      8.50670235	      0.00000000	      0.00000000
   1497.08850098	    846.72278364	    298.18537431	      7.97828767	      0.00000000	      0.00000000
   1711.94665527	    825.18198297	    298.96865320	      7.46878432	      0.00000000	      0.00000000
   1951.28234863	    801.70829702	    299.85439670	      6.96142176	      0.00000000	      0.00000000
   2217.88403320	    776.19747830	    300.86595724	      6.43676870	      0.00000000	      0.00000000
   2514.85815430	    748.55752296	    302.02416316	      5.88007540	      0.00000000	      0.00000000
   2845.66479492	    718.71393079	    303.34660777	      5.28203578	      0.00000000	      0.00000000
   3214.15820312	    686.61589569	    304.85011076	      4.63722519	      0.00000000	      0.00000000
   3624.63183594	    652.24310026	    306.54017943	      3.95222017	      0.00000000	      0.00000000
   4081.86840820	    615.61304800	    308.38579482	      3.25581587	      0.00000000	      0.00000000
   4581.86816406	    577.48478239	    310.29447578	      2.59168692	      0.00000000	      0.00000000
   5081.86816406	    541.27880236	    312.08918336	      2.02020315	      0.00000000	      0.00000000
   5581.86816406	    506.90065488	    313.77597626	      1.53189112	      0.00000000	      0.00000000
   6081.86816406	    474.26670739	    315.32150945	      1.12497424	      0.00000000	      0.00000000
   6581.86816406	    443.29423090	    316.67853004	      0.80176038	      0.00000000	      0.00000000
   7081.86816406	    413.90310339	    317.83666323	      0.55713512	      0.00000000	      0.00000000
   7581.86816406	    386.01907075	    318.82133991	      0.37893312	      0.00000000	      0.00000000
   8081.86816406	    359.57437474	    319.65437607	      0.25390019	      0.00000000	      0.00000000
   8581.86816406	    334.50649192	    320.35121789	      0.16850932	      0.00000000	      0.00000000
   9081.86816406	    310.75759562	    320.93613077	      0.11092923	      0.00000000	      0.00000000
   9581.86816406	    288.27481161	    321.44874799	      0.07241462	      0.00000000	      0.00000000
  10081.86816406	    267.01026753	    321.93767538	      0.04701185	      0.00000000	      0.00000000
  10581.86816406	    246.92079453	    322.46218165	      0.03053206	      0.00000000	      0.00000000
  11081.86816406	    227.96829408	    323.11786606	      0.01987122	      0.00000000	      0.00000000
  11581.86816406	    210.12195942	    324.09467500	      0.01287525	      0.00000000	      0.00000000
  12081.86816406	    193.36221879	    325.73587252	      0.00832331	      0.00000000	      0.00000000
  12581.86816406	    177.67996306	    328.37927656	      0.00562488	      0.00000000	      0.00000000
  13081.86816406	    163.07450500	    332.51441435	      0.00429014	      0.00000000	      0.00000000
  13581.86816406	    149.55166694	    338.69731402	      0.00388093	      0.00000000	      0.00000000
  14081.86816406	    137.11082517	    347.10330918	      0.00410543	      0.00000000	      0.00000000
  14581.86816406	    125.72441215	    357.20075886	      0.00483197	      0.00000000	      0.00000000
  15081.86816406	    115.32901963	    368.03962769	      0.00587734	      0.00000000	      0.00000000
  15581.86816406	    105.83693479	    378.84605736	      0.00703966	      0.00000000	      0.00000000
  16081.86816406	     97.15552001	    389.26989047	      0.00816951	      0.00000000	      0.00000000
  16581.86718750	     89.19980196	    399.24524510	      0.00917013	      0.00000000	      0.00000000
  17081.86718750	     81.89614366	    408.82508056	      0.00996758	      0.00000000	      0.00000000
  17581.86718750	     75.18205975	    418.14078564	      0.01050047	      0.00000000	      0.00000000
  18081.86718750	     69.00603928	    427.54194676	      0.01078431	      0.00000000	      0.00000000
  18581.86718750	     63.33019094	    437.99788371	      0.01087217	      0.00000000	      0.00000000
  19081.86718750	     58.12612805	    449.92551263	      0.01087431	      0.00000000	      0.00000000
  19581.86718750	     53.36308064	    462.67541915	      0.01082845	      0.00000000	      0.00000000
  20081.86718750	     49.00275184	    475.29060298	      0.01072322	      0.00000000	      0.00000000
  20590.05468750	     44.94014889	    487.31464315	      0.01052170	      0.00000000	      0.00000000
  21149.06054688	     40.85510750	    499.88235596	      0.01011360	      0.00000000	      0.00000000
  21763.96679688	     36.78136945	    514.03019690	      0.00931081	      0.00000000	      0.00000000
  22440.36328125	     32.76169011	    530.79339778	      0.00790378	      0.00000000	      0.00000000
  23184.40039062	     28.84404255	    550.65208740	      0.00583543	      0.00000000	      0.00000000
  24002.83984375	     25.07524238	    573.60856062	      0.00338841	      0.00000000	      0.00000000
  24903.12304688	     21.49768451	    599.71403621	      0.00120764	      0.00000000	      0.00000000
  25893.43554688	     18.14975287	    629.55140289	      0.00001807	      0.00000000	      0.00000000
  26982.77929688	     15.06804832	    664.06393983	      0.00000000	      0.00000000	      0.00000000
  10000.00,         64,    1009.32
     25.00000000	   1006.42781350	    294.93319870	     12.55764251	      0.00000000	      0.00000000
     75.00000000	   1000.66146458	    294.82130078	     12.02040846	      0.00000000	      0.00000000
    127.84809875	    994.59024164	    294.86400914	     11.87961768	      0.00000000	      0.00000000
    186.71687317	    987.85899960	    294.92451031	     11.79798381	      0.00000000	      0.00000000
    252.29220581	    980.40050405	    294.99189517	     11.72480631	      0.00000000	      0.00000000
    325.33816528	    972.14124065	    295.06453019	     11.63404444	      0.00000000	      0.00000000
    406.70581055	    963.00144352	    295.14803573	     11.51283065	      0.00000000	      0.00000000
    497.34317017	    952.89507025	    295.25276736	     11.33955781	      0.00000000	      0.00000000
    598.30627441	    941.72992546	    295.39689008	     11.08744206	      0.00000000	      0.00000000
    710.77154541	    929.40815858	    295.61087994	     10.72039981	      0.00000000	      0.00000000
    836.04931641	    915.82714856	    295.92773163	     10.22429692	      0.00000000	      0.00000000
    975.59924316	    900.88012191	    296.35369293	      9.64832888	      0.00000000	      0.00000000
   1131.04724121	    884.45648625	    296.87720257	      9.06462871	      0.00000000	      0.00000000
   1304.20446777	    866.44254081	    297.48925472	      8.50670235	      0.00000000	      0.00000000
   1497.08850098	    846.72278364	    298.18537431	      7.97828767	      0.00000000	      0.00000000
   1711.94665527	    825.18198297	    298.96865320	      7.46878432	      0.00000000	      0.00000000
   1951.28234863	    801.70829702	    299.85439670	      6.96142176	      0.00000000	      0.00000000
   2217.88403320	    776.19747830	    300.86595724	      6.43676870	      0.00000000	      0.00000000
   2514.85815430	    748.55752296	    302.02416316	      5.88007540	      0.00000000	      0.00000000
   2845.66479492	    718.71393079	    303.34660777	      5.28203578	      0.00000000	      0.00000000
   3214.15820312	    686.61589569	    304.85011076	      4.63722519	      0.00000000	      0.00000000
   3624.63183594	    652.24310026	    306.54017943	      3.95222017	      0.00000000	      0.00000000
   4081.86840820	    615.61304800	    308.38579482	      3.25581587	      0.00000000	      0.00000000
   4581.86816406	    577.48478239	    310.29447578	      2.59168692	      0.00000000	      0.00000000
   5081.86816406	    541.27880236	    312.08918336	      2.02020315	      0.00000000	      0.00000000
   5581.86816406	    506.90065488	    313.77597626	      1.53189112	      0.00000000	      0.00000000
   6081.86816406	    474.26670739	    315.32150945	      1.12497424	      0.00000000	      0.00000000
   6581.86816406	    443.29423090	    316.67853004	      0.80176038	      0.00000000	      0.00000000
   7081.86816406	    413.90310339	    317.83666323	      0.55713512	      0.00000000	      0.00000000
   7581.86816406	    386.01907075	    318.82133991	      0.37893312	      0.00000000	      0.00000000
   8081.86816406	    359.57437474	    319.65437607	      0.25390019	      0.00000000	      0.00000000
   8581.86816406	    334.50649192	    320.35121789	      0.16850932	      0.00000000	      0.00000000
   9081.86816406	    310.75759562	    320.93613077	      0.11092923	      0.00000000	      0.00000000
   9581.86816406	    288.27481161	    321.44874799	      0.07241462	      0.00000000	      0.00000000
  10081.86816406	    267.01026753	    321.93767538	      0.04701185	      0.00000000	      0.00000000
  10581.86816406	    246.92079453	    322.46218165	      0.03053206	      0.00000000	      0.00000000
  11081.86816406	    227.96829408	    323.11786606	      0.01987122	      0.00000000	      0.00000000
  11581.86816406	    210.12195942	    324.09467500	      0.01287525	      0.00000000	      0.00000000
  12081.86816406	    193.36221879	    325.73587252	      0.00832331	      0.00000000	      0.00000000
  12581.86816406	    177.67996306	    328.37927656	      0.00562488	      0.00000000	      0.00000000
  13081.86816406	    163.07450500	    332.51441435	      0.00429014	      0.00000000	      0.00000000
  13581.86816406	    149.55166694	    338.69731402	      0.00388093	      0.00000000	      0.00000000
  14081.86816406	    137.11082517	    347.10330918	      0.00410543	      0.00000000	      0.00000000
  14581.86816406	    125.72441215	    357.20075886	      0.00483197	      0.00000000	      0.00000000
  15081.86816406	    115.32901963	    368.03962769	      0.00587734	      0.00000000	      0.00000000
  15581.86816406	    105.83693479	    378.84605736	      0.00703966	      0.00000000	      0.00000000
  16081.86816406	     97.15552001	    389.26989047	      0.00816951	      0.00000000	      0.00000000
  16581.86718750	     89.19980196	    399.24524510	      0.00917013	      0.00000000	      0.00000000
  17081.86718750	     81.89614366	    408.82508056	      0.00996758	      0.00000000	      0.00000000
  17581.86718750	     75.18205975	    418.14078564	      0.01050047	      0.00000000	      0.00000000
  18081.86718750	     69.00603928	    427.54194676	      0.01078431	      0.00000000	      0.00000000
  18581.86718750	     63.33019094	    437.99788371	      0.01087217	      0.00000000	      0.00000000
  19081.86718750	     58.12612805	    449.92551263	      0.01087431	      0.00000000	      0.00000000
  19581.86718750	     53.36308064	    462.67541915	      0.01082845	      0.00000000	      0.00000000
  20081.86718750	     49.00275184	    475.29060298	      0.01072322	      0.00000000	      0.00000000
  20590.05468750	     44.94014889	    487.31464315	      0.01052170	      0.00000000	      0.00000000
  21149.06054688	     40.85510750	    499.88235596	      0.01011360	      0.00000000	      0.00000000
  21763.96679688	     36.78136945	    514.03019690	      0.00931081	      0.00000000	      0.00000000
  22440.36328125	     32.76169011	    530.79339778	      0.00790378	      0.00000000	      0.00000000
  23184.40039062	     28.84404255	    550.65208740	      0.00583543	      0.00000000	      0.00000000
  24002.83984375	     25.07524238	    573.60856062	      0.00338841	      0.00000000	      0.00000000
  24903.12304688	     21.49768451	    599.71403621	      0.00120764	      0.00000000	      0.00000000
  25893.43554688	     18.14975287	    629.55140289	      0.00001807	      0.00000000	      0.00000000
  26982.77929688	     15.06804832	    664.06393983	      0.00000000	      0.00000000	      0.00000000
