      z[m]      p[mb]      tp[K]    q[g/kg]     u[m/s]     v[m/s]
      0.00,         28,    1009.32
     66.35856628	   1001.69512669	    296.57574563	     13.39854877	      0.00000000	      0.00000000
    212.21609497	    985.09600242	    296.62001667	     12.91996139	      0.00000000	      0.00000000
    383.95980835	    965.80616813	    296.81003296	     12.66108010	      0.00000000	      0.00000000
    580.98242188	    944.02297062	    297.07057494	     12.23131855	      0.00000000	      0.00000000
    802.94232178	    919.92612615	    297.52995386	     11.50408356	      0.00000000	      0.00000000
   1049.62597656	    893.70426235	    298.29780414	     10.51167624	      0.00000000	      0.00000000
   1320.76403809	    865.55798774	    299.30477106	      9.53226344	      0.00000000	      0.00000000
   1716.45898438	    825.73677713	    300.89213877	      8.37021017	      0.00000000	      0.00000000
   2333.58300781	    766.59967631	    303.49637873	      6.88301215	      0.00000000	      0.00000000
   3163.64599609	    692.57206928	    307.06962183	      5.21690347	      0.00000000	      0.00000000
   4195.30810547	    608.82348266	    311.42553805	      3.55692117	      0.00000000	      0.00000000
   5398.39013672	    521.78101717	    316.20464713	      2.08800638	      0.00000000	      0.00000000
   6655.89111328	    441.80504369	    320.52571271	      1.03509384	      0.00000000	      0.00000000
   7873.84082031	    373.83162906	    323.67413568	      0.44454482	      0.00000000	      0.00000000
   9050.42382812	    316.01834495	    325.67910208	      0.17221370	      0.00000000	      0.00000000
  10184.29003906	    266.86415861	    326.95612668	      0.06758782	      0.00000000	      0.00000000
  11275.59960938	    225.11512291	    328.28695704	      0.02768802	      0.00000000	      0.00000000
  12329.95019531	    189.64168843	    331.21629985	      0.01102689	      0.00000000	      0.00000000
  13348.45996094	    159.78067899	    338.43240257	      0.00547840	      0.00000000	      0.00000000
  14344.48046875	    134.70391580	    351.89884282	      0.00499331	      0.00000000	      0.00000000
  15342.76953125	    113.46219894	    371.20950380	      0.00672865	      0.00000000	      0.00000000
  16352.05957031	     95.48914066	    393.06123497	      0.00860041	      0.00000000	      0.00000000
  17380.08984375	     80.15792865	    414.31212016	      0.00959555	      0.00000000	      0.00000000
  18683.19921875	     64.15507406	    439.76627205	      0.00970169	      0.00000000	      0.00000000
  20526.05078125	     46.74543972	    480.12675286	      0.00868749	      0.00000000	      0.00000000
  22972.43945312	     30.78512457	    550.59298784	      0.00648436	      0.00000000	      0.00000000
  26213.09960938	     17.95668857	    664.96979000	      0.00461433	      0.00000000	      0.00000000
  30354.50000000	      9.26163652	    834.28748000	      0.00444828	      0.00000000	      0.00000000
  10000.00,         28,    1009.32
     66.35856628	   1001.69512669	    296.57574563	     13.39854877	      0.00000000	      0.00000000
    212.21609497	    985.09600242	    296.62001667	     12.91996139	      0.00000000	      0.00000000
    383.95980835	    965.80616813	    296.81003296	     12.66108010	      0.00000000	      0.00000000
    580.98242188	    944.02297062	    297.07057494	     12.23131855	      0.00000000	      0.00000000
    802.94232178	    919.92612615	    297.52995386	     11.50408356	      0.00000000	      0.00000000
   1049.62597656	    893.70426235	    298.29780414	     10.51167624	      0.00000000	      0.00000000
   1320.76403809	    865.55798774	    299.30477106	      9.53226344	      0.00000000	      0.00000000
   1716.45898438	    825.73677713	    300.89213877	      8.37021017	      0.00000000	      0.00000000
   2333.58300781	    766.59967631	    303.49637873	      6.88301215	      0.00000000	      0.00000000
   3163.64599609	    692.57206928	    307.06962183	      5.21690347	      0.00000000	      0.00000000
   4195.30810547	    608.82348266	    311.42553805	      3.55692117	      0.00000000	      0.00000000
   5398.39013672	    521.78101717	    316.20464713	      2.08800638	      0.00000000	      0.00000000
   6655.89111328	    441.80504369	    320.52571271	      1.03509384	      0.00000000	      0.00000000
   7873.84082031	    373.83162906	    323.67413568	      0.44454482	      0.00000000	      0.00000000
   9050.42382812	    316.01834495	    325.67910208	      0.17221370	      0.00000000	      0.00000000
  10184.29003906	    266.86415861	    326.95612668	      0.06758782	      0.00000000	      0.00000000
  11275.59960938	    225.11512291	    328.28695704	      0.02768802	      0.00000000	      0.00000000
  12329.95019531	    189.64168843	    331.21629985	      0.01102689	      0.00000000	      0.00000000
  13348.45996094	    159.78067899	    338.43240257	      0.00547840	      0.00000000	      0.00000000
  14344.48046875	    134.70391580	    351.89884282	      0.00499331	      0.00000000	      0.00000000
  15342.76953125	    113.46219894	    371.20950380	      0.00672865	      0.00000000	      0.00000000
  16352.05957031	     95.48914066	    393.06123497	      0.00860041	      0.00000000	      0.00000000
  17380.08984375	     80.15792865	    414.31212016	      0.00959555	      0.00000000	      0.00000000
  18683.19921875	     64.15507406	    439.76627205	      0.00970169	      0.00000000	      0.00000000
  20526.05078125	     46.74543972	    480.12675286	      0.00868749	      0.00000000	      0.00000000
  22972.43945312	     30.78512457	    550.59298784	      0.00648436	      0.00000000	      0.00000000
  26213.09960938	     17.95668857	    664.96979000	      0.00461433	      0.00000000	      0.00000000
  30354.50000000	      9.26163652	    834.28748000	      0.00444828	      0.00000000	      0.00000000
