p[mb] (dT/dt)rad [K/s]
      0.00,         64   day,levels
 1006.4672	  1.35118471e-05
 1000.7801	 -6.89210950e-06
  994.7932	 -1.28601874e-05
  988.1550	 -1.43780815e-05
  980.7987	 -1.47584089e-05
  972.6513	 -1.45495920e-05
  963.6339	 -1.40624905e-05
  953.6612	 -1.33603813e-05
  942.6424	 -1.29827202e-05
  930.4816	 -1.44299634e-05
  917.0786	 -1.50750997e-05
  902.3291	 -1.45179819e-05
  886.1237	 -1.36439465e-05
  868.3494	 -1.27863563e-05
  848.8912	 -1.19656985e-05
  827.6341	 -1.11757054e-05
  804.4659	 -1.03140631e-05
  779.2804	 -9.45179294e-06
  751.9826	 -8.73737047e-06
  722.4950	 -8.44100814e-06
  690.7636	 -8.67907198e-06
  656.7647	 -9.50601233e-06
  620.5145	 -1.09022047e-05
  582.7708	 -1.21416403e-05
  546.9278	 -1.35438919e-05
  512.8939	 -1.43229657e-05
  480.5873	 -1.43256802e-05
  449.9321	 -1.41727134e-05
  420.8555	 -1.41461070e-05
  393.2834	 -1.38414130e-05
  367.1423	 -1.34802238e-05
  342.3624	 -1.32243607e-05
  318.8796	 -1.20322111e-05
  296.6344	 -1.08459715e-05
  275.5715	 -9.76634452e-06
  255.6402	 -9.02764946e-06
  236.7950	 -8.64589094e-06
  218.9957	 -7.61526324e-06
  202.2092	 -5.86415185e-06
  186.4101	 -3.31786684e-06
  171.5818	 -9.58272699e-07
  157.7164	  8.04086221e-07
  144.8122	  1.83861434e-06
  132.8651	  2.18372536e-06
  121.8583	  1.89291668e-06
  111.7558	  1.38060867e-06
  102.5050	  9.05127605e-07
   94.0429	  4.33361680e-08
   86.3040	  1.85874498e-07
   79.2264	  4.56315895e-07
   72.7560	  1.28432762e-06
   66.8482	  1.41675410e-06
   61.4625	  8.43378389e-07
   56.5542	  8.71813360e-08
   52.0746	 -5.13122397e-07
   47.9126	 -5.70447292e-07
   43.7408	 -5.50736136e-07
   39.5933	 -8.08925178e-08
   35.5084	 -1.20660114e-07
   31.5275	 -1.22062968e-07
   27.6911	 -2.54021110e-07
   24.0371	 -1.11953672e-07
   20.6000	 -1.68132644e-07
   17.4133	 -1.47530255e-06
  10000.00,         64   day,levels
 1006.4672	  1.35118471e-05
 1000.7801	 -6.89210950e-06
  994.7932	 -1.28601874e-05
  988.1550	 -1.43780815e-05
  980.7987	 -1.47584089e-05
  972.6513	 -1.45495920e-05
  963.6339	 -1.40624905e-05
  953.6612	 -1.33603813e-05
  942.6424	 -1.29827202e-05
  930.4816	 -1.44299634e-05
  917.0786	 -1.50750997e-05
  902.3291	 -1.45179819e-05
  886.1237	 -1.36439465e-05
  868.3494	 -1.27863563e-05
  848.8912	 -1.19656985e-05
  827.6341	 -1.11757054e-05
  804.4659	 -1.03140631e-05
  779.2804	 -9.45179294e-06
  751.9826	 -8.73737047e-06
  722.4950	 -8.44100814e-06
  690.7636	 -8.67907198e-06
  656.7647	 -9.50601233e-06
  620.5145	 -1.09022047e-05
  582.7708	 -1.21416403e-05
  546.9278	 -1.35438919e-05
  512.8939	 -1.43229657e-05
  480.5873	 -1.43256802e-05
  449.9321	 -1.41727134e-05
  420.8555	 -1.41461070e-05
  393.2834	 -1.38414130e-05
  367.1423	 -1.34802238e-05
  342.3624	 -1.32243607e-05
  318.8796	 -1.20322111e-05
  296.6344	 -1.08459715e-05
  275.5715	 -9.76634452e-06
  255.6402	 -9.02764946e-06
  236.7950	 -8.64589094e-06
  218.9957	 -7.61526324e-06
  202.2092	 -5.86415185e-06
  186.4101	 -3.31786684e-06
  171.5818	 -9.58272699e-07
  157.7164	  8.04086221e-07
  144.8122	  1.83861434e-06
  132.8651	  2.18372536e-06
  121.8583	  1.89291668e-06
  111.7558	  1.38060867e-06
  102.5050	  9.05127605e-07
   94.0429	  4.33361680e-08
   86.3040	  1.85874498e-07
   79.2264	  4.56315895e-07
   72.7560	  1.28432762e-06
   66.8482	  1.41675410e-06
   61.4625	  8.43378389e-07
   56.5542	  8.71813360e-08
   52.0746	 -5.13122397e-07
   47.9126	 -5.70447292e-07
   43.7408	 -5.50736136e-07
   39.5933	 -8.08925178e-08
   35.5084	 -1.20660114e-07
   31.5275	 -1.22062968e-07
   27.6911	 -2.54021110e-07
   24.0371	 -1.11953672e-07
   20.6000	 -1.68132644e-07
   17.4133	 -1.47530255e-06
