p[mb] (dT/dt)rad [K/s]
      0.00,         64   day,levels
 1006.5066	  1.41194601e-05
 1000.8978	 -6.36485876e-06
  994.9931	 -1.23361349e-05
  988.4459	 -1.37463966e-05
  981.1900	 -1.40599698e-05
  973.1533	 -1.38159952e-05
  964.2578	 -1.33185788e-05
  954.4192	 -1.26625000e-05
  943.5475	 -1.24330656e-05
  931.5479	 -1.38177173e-05
  918.3213	 -1.47583238e-05
  903.7639	 -1.48576021e-05
  887.7675	 -1.47011091e-05
  870.2201	 -1.45032551e-05
  851.0077	 -1.42486380e-05
  830.0165	 -1.38990484e-05
  807.1359	 -1.33890591e-05
  782.2609	 -1.26727683e-05
  755.2963	 -1.17963402e-05
  726.1615	 -1.07980207e-05
  694.7974	 -9.90109009e-06
  661.1759	 -9.56748377e-06
  625.3096	 -1.00427034e-05
  587.9457	 -1.08969541e-05
  552.4480	 -1.25969236e-05
  518.7363	 -1.42895569e-05
  486.7354	 -1.56380125e-05
  456.3682	 -1.63541627e-05
  427.5598	 -1.63551245e-05
  400.2403	 -1.63441024e-05
  374.3431	 -1.65233368e-05
  349.8003	 -1.64437511e-05
  326.5442	 -1.60686944e-05
  304.5103	 -1.57242585e-05
  283.6392	 -1.43310245e-05
  263.8754	 -1.29529108e-05
  245.1678	 -1.19300092e-05
  227.4701	 -1.10946903e-05
  210.7412	 -1.04681887e-05
  194.9457	 -9.23973054e-06
  180.0535	 -7.11418708e-06
  166.0401	 -4.24191332e-06
  152.8867	 -1.69237711e-06
  140.5804	  3.51277144e-07
  129.1147	  1.63402648e-06
  118.4844	  2.10457365e-06
  108.6763	  2.08909702e-06
   99.6619	  1.69556256e-06
   91.3959	  1.11609103e-06
   83.8247	  1.33941731e-06
   76.8965	  1.62332257e-06
   70.5673	  1.75391671e-06
   64.7971	  9.23048047e-07
   59.5403	  1.19818485e-07
   54.7466	 -4.59089850e-07
   50.2973	 -5.44764474e-07
   45.8427	 -4.66334754e-07
   41.4193	 -1.79234670e-07
   37.0684	 -6.45543996e-08
   32.8344	 -1.43990305e-07
   28.7609	 -2.74530127e-07
   24.8881	 -1.79851016e-07
   21.2529	 -1.86671822e-07
   17.8908	 -1.04948681e-06
  10000.00,         64   day,levels
 1006.5066	  1.41194601e-05
 1000.8978	 -6.36485876e-06
  994.9931	 -1.23361349e-05
  988.4459	 -1.37463966e-05
  981.1900	 -1.40599698e-05
  973.1533	 -1.38159952e-05
  964.2578	 -1.33185788e-05
  954.4192	 -1.26625000e-05
  943.5475	 -1.24330656e-05
  931.5479	 -1.38177173e-05
  918.3213	 -1.47583238e-05
  903.7639	 -1.48576021e-05
  887.7675	 -1.47011091e-05
  870.2201	 -1.45032551e-05
  851.0077	 -1.42486380e-05
  830.0165	 -1.38990484e-05
  807.1359	 -1.33890591e-05
  782.2609	 -1.26727683e-05
  755.2963	 -1.17963402e-05
  726.1615	 -1.07980207e-05
  694.7974	 -9.90109009e-06
  661.1759	 -9.56748377e-06
  625.3096	 -1.00427034e-05
  587.9457	 -1.08969541e-05
  552.4480	 -1.25969236e-05
  518.7363	 -1.42895569e-05
  486.7354	 -1.56380125e-05
  456.3682	 -1.63541627e-05
  427.5598	 -1.63551245e-05
  400.2403	 -1.63441024e-05
  374.3431	 -1.65233368e-05
  349.8003	 -1.64437511e-05
  326.5442	 -1.60686944e-05
  304.5103	 -1.57242585e-05
  283.6392	 -1.43310245e-05
  263.8754	 -1.29529108e-05
  245.1678	 -1.19300092e-05
  227.4701	 -1.10946903e-05
  210.7412	 -1.04681887e-05
  194.9457	 -9.23973054e-06
  180.0535	 -7.11418708e-06
  166.0401	 -4.24191332e-06
  152.8867	 -1.69237711e-06
  140.5804	  3.51277144e-07
  129.1147	  1.63402648e-06
  118.4844	  2.10457365e-06
  108.6763	  2.08909702e-06
   99.6619	  1.69556256e-06
   91.3959	  1.11609103e-06
   83.8247	  1.33941731e-06
   76.8965	  1.62332257e-06
   70.5673	  1.75391671e-06
   64.7971	  9.23048047e-07
   59.5403	  1.19818485e-07
   54.7466	 -4.59089850e-07
   50.2973	 -5.44764474e-07
   45.8427	 -4.66334754e-07
   41.4193	 -1.79234670e-07
   37.0684	 -6.45543996e-08
   32.8344	 -1.43990305e-07
   28.7609	 -2.74530127e-07
   24.8881	 -1.79851016e-07
   21.2529	 -1.86671822e-07
   17.8908	 -1.04948681e-06
