p[mb] (dT/dt)rad [K/s]
      0.00,         64   day,levels
 1006.4662	  1.49609019e-05
 1000.7771	 -6.43139395e-06
  994.7882	 -1.26859962e-05
  988.1478	 -1.43456296e-05
  980.7891	 -1.47896125e-05
  972.6391	 -1.46128189e-05
  963.6188	 -1.41640727e-05
  953.6430	 -1.34796175e-05
  942.6208	 -1.30677095e-05
  930.4562	 -1.44225151e-05
  917.0491	 -1.50088853e-05
  902.2947	 -1.44904728e-05
  886.0839	 -1.36781597e-05
  868.3036	 -1.28715010e-05
  848.8386	 -1.20880088e-05
  827.5740	 -1.13280545e-05
  804.3975	 -1.04990128e-05
  779.2028	 -9.65549946e-06
  751.8951	 -8.96727632e-06
  722.3968	 -8.69395539e-06
  690.6542	 -8.95645416e-06
  656.6434	 -9.81041883e-06
  620.3809	 -1.12536246e-05
  582.6245	 -1.25357098e-05
  546.7694	 -1.39835552e-05
  512.7237	 -1.47769368e-05
  480.4056	 -1.47785276e-05
  449.7397	 -1.47802044e-05
  420.6535	 -1.48380023e-05
  393.0732	 -1.45262654e-05
  366.9249	 -1.40327587e-05
  342.1386	 -1.36499274e-05
  318.6496	 -1.21459938e-05
  296.3977	 -1.08123150e-05
  275.3273	 -9.81253557e-06
  255.3880	 -9.26758369e-06
  236.5348	 -9.00368495e-06
  218.7282	 -7.91515413e-06
  201.9342	 -6.19675653e-06
  186.1253	 -3.68462808e-06
  171.2811	 -1.43528179e-06
  157.3897	  4.17939880e-07
  144.4469	  1.60743185e-06
  132.4503	  2.10848958e-06
  121.3886	  2.00518969e-06
  111.2334	  1.56556171e-06
  101.9384	  1.05680936e-06
   93.4437	  2.88651507e-07
   85.6840	  3.27372962e-07
   78.5951	  5.12220675e-07
   72.1201	  1.27166908e-06
   66.2117	  1.35980326e-06
   60.8278	  8.50814084e-07
   55.9230	  6.86486538e-08
   51.4480	 -5.28225812e-07
   47.2913	 -6.32525088e-07
   43.1258	 -5.61014953e-07
   38.9856	 -1.20060323e-07
   34.9099	 -1.32542146e-07
   30.9408	 -1.51049980e-07
   27.1200	 -2.54236828e-07
   23.4858	 -1.27797855e-07
   20.0734	 -1.64268751e-07
   16.9159	 -1.26403561e-06
  10000.00,         64   day,levels
 1006.4662	  1.49609019e-05
 1000.7771	 -6.43139395e-06
  994.7882	 -1.26859962e-05
  988.1478	 -1.43456296e-05
  980.7891	 -1.47896125e-05
  972.6391	 -1.46128189e-05
  963.6188	 -1.41640727e-05
  953.6430	 -1.34796175e-05
  942.6208	 -1.30677095e-05
  930.4562	 -1.44225151e-05
  917.0491	 -1.50088853e-05
  902.2947	 -1.44904728e-05
  886.0839	 -1.36781597e-05
  868.3036	 -1.28715010e-05
  848.8386	 -1.20880088e-05
  827.5740	 -1.13280545e-05
  804.3975	 -1.04990128e-05
  779.2028	 -9.65549946e-06
  751.8951	 -8.96727632e-06
  722.3968	 -8.69395539e-06
  690.6542	 -8.95645416e-06
  656.6434	 -9.81041883e-06
  620.3809	 -1.12536246e-05
  582.6245	 -1.25357098e-05
  546.7694	 -1.39835552e-05
  512.7237	 -1.47769368e-05
  480.4056	 -1.47785276e-05
  449.7397	 -1.47802044e-05
  420.6535	 -1.48380023e-05
  393.0732	 -1.45262654e-05
  366.9249	 -1.40327587e-05
  342.1386	 -1.36499274e-05
  318.6496	 -1.21459938e-05
  296.3977	 -1.08123150e-05
  275.3273	 -9.81253557e-06
  255.3880	 -9.26758369e-06
  236.5348	 -9.00368495e-06
  218.7282	 -7.91515413e-06
  201.9342	 -6.19675653e-06
  186.1253	 -3.68462808e-06
  171.2811	 -1.43528179e-06
  157.3897	  4.17939880e-07
  144.4469	  1.60743185e-06
  132.4503	  2.10848958e-06
  121.3886	  2.00518969e-06
  111.2334	  1.56556171e-06
  101.9384	  1.05680936e-06
   93.4437	  2.88651507e-07
   85.6840	  3.27372962e-07
   78.5951	  5.12220675e-07
   72.1201	  1.27166908e-06
   66.2117	  1.35980326e-06
   60.8278	  8.50814084e-07
   55.9230	  6.86486538e-08
   51.4480	 -5.28225812e-07
   47.2913	 -6.32525088e-07
   43.1258	 -5.61014953e-07
   38.9856	 -1.20060323e-07
   34.9099	 -1.32542146e-07
   30.9408	 -1.51049980e-07
   27.1200	 -2.54236828e-07
   23.4858	 -1.27797855e-07
   20.0734	 -1.64268751e-07
   16.9159	 -1.26403561e-06
