p[mb] (dT/dt)rad [K/s]
      0.00,         64   day,levels
 1006.3880	  1.57346426e-05
 1000.5435	 -3.68175979e-06
  994.3916	 -9.48963150e-06
  987.5712	 -1.10778971e-05
  980.0141	 -1.15371800e-05
  971.6456	 -1.14269488e-05
  962.3851	 -1.10234958e-05
  952.1453	 -1.04020112e-05
  940.8330	 -9.61709412e-06
  928.3493	 -9.64499175e-06
  914.5908	 -1.06349418e-05
  899.4500	 -1.02789438e-05
  882.8157	 -9.26018292e-06
  864.5730	 -8.40847868e-06
  844.6051	 -7.90003759e-06
  822.7962	 -7.69490696e-06
  799.0342	 -7.78745466e-06
  773.2147	 -8.23337453e-06
  745.2454	 -9.07462604e-06
  715.0519	 -1.03012842e-05
  682.5832	 -1.16058833e-05
  647.8170	 -1.27588704e-05
  610.7674	 -1.34123804e-05
  572.2041	 -1.30644217e-05
  535.5940	 -1.32531210e-05
  500.8451	 -1.30242759e-05
  467.8710	 -1.23239031e-05
  436.5869	 -1.16756672e-05
  406.9134	 -1.04265626e-05
  378.7776	 -9.04080076e-06
  352.1119	 -8.07301222e-06
  326.8546	 -7.13507319e-06
  302.9496	 -6.87339717e-06
  280.3459	 -6.81271786e-06
  258.9972	 -5.97258257e-06
  238.8627	 -4.12239479e-06
  219.9099	 -2.47087216e-06
  202.1199	 -7.16972011e-07
  185.4913	  8.20454573e-07
  170.0342	  1.60094688e-06
  155.7521	  1.70417393e-06
  142.6222	  1.35124183e-06
  130.5923	  9.15556396e-07
  119.5913	  4.94048239e-07
  109.5415	  2.70599839e-07
  100.3665	  9.30291949e-08
   91.9945	 -1.84951483e-07
   84.3578	 -3.10808640e-08
   77.3919	  1.32030397e-07
   71.0355	  7.88458252e-07
   65.2331	  1.16064659e-06
   59.9374	  1.15109178e-06
   55.1063	  4.68334865e-07
   50.6971	 -2.68928728e-07
   46.6665	 -7.03536653e-07
   42.9170	 -7.90123177e-07
   39.1562	 -3.65241577e-07
   35.4171	 -2.20037218e-07
   31.7361	 -1.94989018e-08
   28.1516	 -1.18999738e-07
   24.7002	 -8.44909921e-08
   21.4155	 -3.33412828e-08
   18.3280	 -2.40527542e-07
   15.4676	 -1.66189332e-06
  10000.00,         64   day,levels
 1006.3880	  1.57346426e-05
 1000.5435	 -3.68175979e-06
  994.3916	 -9.48963150e-06
  987.5712	 -1.10778971e-05
  980.0141	 -1.15371800e-05
  971.6456	 -1.14269488e-05
  962.3851	 -1.10234958e-05
  952.1453	 -1.04020112e-05
  940.8330	 -9.61709412e-06
  928.3493	 -9.64499175e-06
  914.5908	 -1.06349418e-05
  899.4500	 -1.02789438e-05
  882.8157	 -9.26018292e-06
  864.5730	 -8.40847868e-06
  844.6051	 -7.90003759e-06
  822.7962	 -7.69490696e-06
  799.0342	 -7.78745466e-06
  773.2147	 -8.23337453e-06
  745.2454	 -9.07462604e-06
  715.0519	 -1.03012842e-05
  682.5832	 -1.16058833e-05
  647.8170	 -1.27588704e-05
  610.7674	 -1.34123804e-05
  572.2041	 -1.30644217e-05
  535.5940	 -1.32531210e-05
  500.8451	 -1.30242759e-05
  467.8710	 -1.23239031e-05
  436.5869	 -1.16756672e-05
  406.9134	 -1.04265626e-05
  378.7776	 -9.04080076e-06
  352.1119	 -8.07301222e-06
  326.8546	 -7.13507319e-06
  302.9496	 -6.87339717e-06
  280.3459	 -6.81271786e-06
  258.9972	 -5.97258257e-06
  238.8627	 -4.12239479e-06
  219.9099	 -2.47087216e-06
  202.1199	 -7.16972011e-07
  185.4913	  8.20454573e-07
  170.0342	  1.60094688e-06
  155.7521	  1.70417393e-06
  142.6222	  1.35124183e-06
  130.5923	  9.15556396e-07
  119.5913	  4.94048239e-07
  109.5415	  2.70599839e-07
  100.3665	  9.30291949e-08
   91.9945	 -1.84951483e-07
   84.3578	 -3.10808640e-08
   77.3919	  1.32030397e-07
   71.0355	  7.88458252e-07
   65.2331	  1.16064659e-06
   59.9374	  1.15109178e-06
   55.1063	  4.68334865e-07
   50.6971	 -2.68928728e-07
   46.6665	 -7.03536653e-07
   42.9170	 -7.90123177e-07
   39.1562	 -3.65241577e-07
   35.4171	 -2.20037218e-07
   31.7361	 -1.94989018e-08
   28.1516	 -1.18999738e-07
   24.7002	 -8.44909921e-08
   21.4155	 -3.33412828e-08
   18.3280	 -2.40527542e-07
   15.4676	 -1.66189332e-06
