p[mb] (dT/dt)rad [K/s]
      0.00,         64   day,levels
 1006.4665	  1.21151200e-05
 1000.7774	 -6.94172473e-06
  994.7878	 -1.30074502e-05
  988.1465	 -1.47677477e-05
  980.7870	 -1.52759459e-05
  972.6363	 -1.51819601e-05
  963.6155	 -1.47921112e-05
  953.6395	 -1.41624425e-05
  942.6171	 -1.35709368e-05
  930.4520	 -1.44275121e-05
  917.0438	 -1.55185467e-05
  902.2877	 -1.53389396e-05
  886.0749	 -1.44485087e-05
  868.2929	 -1.34495951e-05
  848.8269	 -1.24692773e-05
  827.5617	 -1.15326583e-05
  804.3847	 -1.06034386e-05
  779.1893	 -9.76421046e-06
  751.8804	 -9.14767926e-06
  722.3801	 -8.99992797e-06
  690.6342	 -9.49606433e-06
  656.6198	 -1.06027856e-05
  620.3543	 -1.23345308e-05
  582.5966	 -1.37536111e-05
  546.7421	 -1.52122497e-05
  512.6993	 -1.58887844e-05
  480.3868	 -1.58404493e-05
  449.7285	 -1.59953538e-05
  420.6505	 -1.62062467e-05
  393.0782	 -1.58647817e-05
  366.9380	 -1.52518716e-05
  342.1599	 -1.45885881e-05
  318.6793	 -1.30170877e-05
  296.4359	 -1.15281803e-05
  275.3744	 -1.04019564e-05
  255.4447	 -9.83209251e-06
  236.6026	 -9.45254544e-06
  218.8094	 -8.22361988e-06
  202.0325	 -6.34715595e-06
  186.2455	 -3.74043331e-06
  171.4285	 -1.34407482e-06
  157.5683	  4.29468652e-07
  144.6563	  1.50535875e-06
  132.6847	  1.97329087e-06
  121.6393	  1.90886990e-06
  111.4922	  1.51442991e-06
  102.1985	  1.01393092e-06
   93.6993	  2.67375042e-07
   85.9287	  4.89014729e-07
   78.8226	  9.63399744e-07
   72.3264	  1.98718578e-06
   66.3988	  1.99751546e-06
   61.0024	  1.12949480e-06
   56.0919	  4.61755984e-08
   51.6151	 -7.21152769e-07
   47.4580	 -8.87517236e-07
   43.2916	 -8.21197521e-07
   39.1488	 -2.50024939e-07
   35.0679	 -1.26569832e-07
   31.0911	 -6.74293306e-08
   27.2607	 -1.56618281e-07
   23.6159	 -8.40315538e-08
   20.1925	 -2.56854466e-07
   17.0241	 -1.50628357e-06
  10000.00,         64   day,levels
 1006.4665	  1.21151200e-05
 1000.7774	 -6.94172473e-06
  994.7878	 -1.30074502e-05
  988.1465	 -1.47677477e-05
  980.7870	 -1.52759459e-05
  972.6363	 -1.51819601e-05
  963.6155	 -1.47921112e-05
  953.6395	 -1.41624425e-05
  942.6171	 -1.35709368e-05
  930.4520	 -1.44275121e-05
  917.0438	 -1.55185467e-05
  902.2877	 -1.53389396e-05
  886.0749	 -1.44485087e-05
  868.2929	 -1.34495951e-05
  848.8269	 -1.24692773e-05
  827.5617	 -1.15326583e-05
  804.3847	 -1.06034386e-05
  779.1893	 -9.76421046e-06
  751.8804	 -9.14767926e-06
  722.3801	 -8.99992797e-06
  690.6342	 -9.49606433e-06
  656.6198	 -1.06027856e-05
  620.3543	 -1.23345308e-05
  582.5966	 -1.37536111e-05
  546.7421	 -1.52122497e-05
  512.6993	 -1.58887844e-05
  480.3868	 -1.58404493e-05
  449.7285	 -1.59953538e-05
  420.6505	 -1.62062467e-05
  393.0782	 -1.58647817e-05
  366.9380	 -1.52518716e-05
  342.1599	 -1.45885881e-05
  318.6793	 -1.30170877e-05
  296.4359	 -1.15281803e-05
  275.3744	 -1.04019564e-05
  255.4447	 -9.83209251e-06
  236.6026	 -9.45254544e-06
  218.8094	 -8.22361988e-06
  202.0325	 -6.34715595e-06
  186.2455	 -3.74043331e-06
  171.4285	 -1.34407482e-06
  157.5683	  4.29468652e-07
  144.6563	  1.50535875e-06
  132.6847	  1.97329087e-06
  121.6393	  1.90886990e-06
  111.4922	  1.51442991e-06
  102.1985	  1.01393092e-06
   93.6993	  2.67375042e-07
   85.9287	  4.89014729e-07
   78.8226	  9.63399744e-07
   72.3264	  1.98718578e-06
   66.3988	  1.99751546e-06
   61.0024	  1.12949480e-06
   56.0919	  4.61755984e-08
   51.6151	 -7.21152769e-07
   47.4580	 -8.87517236e-07
   43.2916	 -8.21197521e-07
   39.1488	 -2.50024939e-07
   35.0679	 -1.26569832e-07
   31.0911	 -6.74293306e-08
   27.2607	 -1.56618281e-07
   23.6159	 -8.40315538e-08
   20.1925	 -2.56854466e-07
   17.0241	 -1.50628357e-06
